<?xml version="1.0" encoding="UTF-8" standalone="no"?>
<!DOCTYPE svg PUBLIC "-//W3C//DTD SVG 20010904//EN"
              "http://www.w3.org/TR/2001/REC-SVG-20010904/DTD/svg10.dtd">

<svg xmlns="http://www.w3.org/2000/svg"
     width="19.0833in" height="18in"
     viewBox="0 0 1374 1296">
  <path id="Selection #2"
        fill="none" stroke="black" stroke-width="1"
        d="M 1051.96,525.94
           C 1051.96,525.94 1066.00,524.00 1066.00,524.00
             1066.00,524.00 1085.00,522.00 1085.00,522.00
             1085.00,522.00 1100.00,519.94 1100.00,519.94
             1100.00,519.94 1107.96,519.94 1107.96,519.94
             1107.96,519.94 1122.00,518.00 1122.00,518.00
             1122.00,518.00 1138.00,516.00 1138.00,516.00
             1138.00,516.00 1138.00,578.00 1138.00,578.00
             1138.00,578.00 1118.91,574.01 1118.91,574.01
             1118.91,574.01 1112.17,574.01 1112.17,574.01
             1112.17,574.01 1106.91,572.01 1106.91,572.01
             1106.91,572.01 1100.17,572.01 1100.17,572.01
             1100.17,572.01 1084.91,568.07 1084.91,568.07
             1084.91,568.07 1079.09,568.07 1079.09,568.07
             1079.09,568.07 1072.91,566.01 1072.91,566.01
             1072.91,566.01 1066.17,566.01 1066.17,566.01
             1066.17,566.01 1060.91,564.01 1060.91,564.01
             1060.91,564.01 1054.17,564.01 1054.17,564.01
             1054.17,564.01 1042.00,562.00 1042.00,562.00
             1042.00,562.00 1042.00,525.94 1042.00,525.94
             1042.00,525.94 1051.96,525.94 1051.96,525.94 Z" />
</svg>
<?xml version="1.0" encoding="UTF-8" standalone="no"?>
<!DOCTYPE svg PUBLIC "-//W3C//DTD SVG 20010904//EN"
              "http://www.w3.org/TR/2001/REC-SVG-20010904/DTD/svg10.dtd">

<svg xmlns="http://www.w3.org/2000/svg"
     width="19.0833in" height="18in"
     viewBox="0 0 1374 1296">
  <path id="Selection #1"
        fill="none" stroke="black" stroke-width="1"
        d="M 1060.13,481.58
           C 1060.13,481.58 1085.27,491.27 1085.27,491.27
             1085.27,491.27 1096.39,495.02 1096.39,495.02
             1101.59,497.22 1117.19,503.66 1122.00,504.00
             1122.00,504.00 1122.00,506.00 1122.00,506.00
             1122.00,506.00 1104.00,508.00 1104.00,508.00
             1104.00,508.00 1088.00,510.00 1088.00,510.00
             1088.00,510.00 1070.00,512.00 1070.00,512.00
             1070.00,512.00 1054.91,513.94 1054.91,513.94
             1054.91,513.94 1042.00,513.94 1042.00,513.94
             1042.00,513.94 1042.00,476.00 1042.00,476.00
             1050.06,476.23 1053.29,479.18 1060.13,481.58 Z" />
</svg>
<?xml version="1.0" encoding="UTF-8" standalone="no"?>
<!DOCTYPE svg PUBLIC "-//W3C//DTD SVG 20010904//EN"
              "http://www.w3.org/TR/2001/REC-SVG-20010904/DTD/svg10.dtd">

<svg xmlns="http://www.w3.org/2000/svg"
     width="19.0833in" height="18in"
     viewBox="0 0 1374 1296">
  <path id="Selection #5"
        fill="none" stroke="black" stroke-width="1"
        d="M 916.00,336.00
           C 916.00,336.00 916.00,1084.00 916.00,1084.00
             907.67,1083.77 896.71,1077.80 888.73,1074.73
             888.73,1074.73 850.43,1059.32 850.43,1059.32
             850.43,1059.32 826.00,1050.00 826.00,1050.00
             826.00,1050.00 828.05,1039.96 828.05,1039.96
             828.05,1039.96 828.05,1030.17 828.05,1030.17
             828.05,1030.17 829.99,1023.96 829.99,1023.96
             829.99,1023.96 829.99,1015.09 829.99,1015.09
             829.99,1015.09 831.99,1007.96 831.99,1007.96
             831.99,1007.96 831.99,999.09 831.99,999.09
             831.99,999.09 833.99,991.96 833.99,991.96
             833.99,991.96 833.99,983.09 833.99,983.09
             833.99,983.09 835.99,975.96 835.99,975.96
             835.99,975.96 835.99,967.09 835.99,967.09
             835.99,967.09 837.99,959.96 837.99,959.96
             837.99,959.96 837.99,951.09 837.99,951.09
             837.99,951.09 839.99,944.91 839.99,944.91
             839.99,944.91 839.99,934.17 839.99,934.17
             839.99,934.17 842.05,927.96 842.05,927.96
             842.05,927.96 842.05,918.17 842.05,918.17
             842.05,918.17 843.77,913.83 843.77,913.83
             843.77,913.83 843.77,904.00 843.77,904.00
             843.77,904.00 846.05,893.96 846.05,893.96
             846.05,893.96 846.05,884.17 846.05,884.17
             846.05,884.17 847.99,877.96 847.99,877.96
             847.99,877.96 847.99,869.09 847.99,869.09
             847.99,869.09 849.99,861.96 849.99,861.96
             849.99,861.96 849.99,853.09 849.99,853.09
             849.99,853.09 851.99,845.96 851.99,845.96
             851.99,845.96 851.99,837.09 851.99,837.09
             851.99,837.09 853.99,829.96 853.99,829.96
             853.99,829.96 853.99,821.09 853.99,821.09
             853.99,821.09 855.99,813.96 855.99,813.96
             855.99,813.96 855.99,805.09 855.99,805.09
             855.99,805.09 857.99,797.96 857.99,797.96
             857.99,797.96 857.99,789.09 857.99,789.09
             857.99,789.09 859.99,781.96 859.99,781.96
             859.99,781.96 859.99,773.09 859.99,773.09
             859.99,773.09 861.99,765.96 861.99,765.96
             861.99,765.96 861.99,757.09 861.99,757.09
             861.99,757.09 863.99,750.91 863.99,750.91
             863.99,750.91 863.99,740.17 863.99,740.17
             863.99,740.17 866.05,733.96 866.05,733.96
             866.05,733.96 866.05,724.17 866.05,724.17
             866.05,724.17 867.77,719.83 867.77,719.83
             867.77,719.83 867.77,710.00 867.77,710.00
             867.77,710.00 870.05,699.96 870.05,699.96
             870.05,699.96 870.05,690.17 870.05,690.17
             870.05,690.17 871.99,683.96 871.99,683.96
             871.99,683.96 871.99,675.09 871.99,675.09
             871.99,675.09 873.99,667.96 873.99,667.96
             873.99,667.96 873.99,659.09 873.99,659.09
             873.99,659.09 875.99,651.96 875.99,651.96
             875.99,651.96 875.99,643.09 875.99,643.09
             875.99,643.09 877.99,635.96 877.99,635.96
             877.99,635.96 877.99,627.09 877.99,627.09
             877.99,627.09 879.99,619.96 879.99,619.96
             879.99,619.96 879.99,611.09 879.99,611.09
             879.99,611.09 881.99,603.96 881.99,603.96
             881.99,603.96 881.99,595.09 881.99,595.09
             881.99,595.09 883.99,587.96 883.99,587.96
             883.99,587.96 883.99,579.09 883.99,579.09
             883.99,579.09 886.05,571.96 886.05,571.96
             886.05,571.96 886.05,562.17 886.05,562.17
             886.05,562.17 888.05,555.96 888.05,555.96
             888.05,555.96 888.05,546.17 888.05,546.17
             888.05,546.17 889.99,539.96 889.99,539.96
             889.99,539.96 889.99,531.09 889.99,531.09
             889.99,531.09 892.00,521.00 892.00,521.00
             892.00,521.00 893.99,505.96 893.99,505.96
             893.99,505.96 893.99,497.09 893.99,497.09
             893.99,497.09 895.99,489.96 895.99,489.96
             895.99,489.96 895.99,481.09 895.99,481.09
             895.99,481.09 897.99,473.96 897.99,473.96
             897.99,473.96 897.99,465.09 897.99,465.09
             897.99,465.09 899.99,457.96 899.99,457.96
             899.99,457.96 899.99,449.09 899.99,449.09
             899.99,449.09 901.99,441.96 901.99,441.96
             901.99,441.96 901.99,433.09 901.99,433.09
             901.99,433.09 903.99,425.96 903.99,425.96
             903.99,425.96 903.99,417.09 903.99,417.09
             903.99,417.09 905.93,410.91 905.93,410.91
             905.93,410.91 905.93,401.09 905.93,401.09
             905.93,401.09 907.99,394.91 907.99,394.91
             907.99,394.91 907.99,384.17 907.99,384.17
             907.99,384.17 910.05,377.96 910.05,377.96
             910.05,377.96 910.05,368.17 910.05,368.17
             910.05,368.17 911.99,361.96 911.99,361.96
             911.99,361.96 911.99,353.09 911.99,353.09
             911.99,353.09 913.77,347.83 913.77,347.83
             913.77,347.83 913.77,336.00 913.77,336.00
             913.77,336.00 916.00,336.00 916.00,336.00 Z" />
</svg>
<?xml version="1.0" encoding="UTF-8" standalone="no"?>
<!DOCTYPE svg PUBLIC "-//W3C//DTD SVG 20010904//EN"
              "http://www.w3.org/TR/2001/REC-SVG-20010904/DTD/svg10.dtd">

<svg xmlns="http://www.w3.org/2000/svg"
     width="19.0833in" height="18in"
     viewBox="0 0 1374 1296">
  <path id="Selection #6"
        fill="none" stroke="black" stroke-width="1"
        d="M 828.00,1062.00
           C 828.00,1062.00 848.39,1071.02 848.39,1071.02
             848.39,1071.02 900.00,1092.00 900.00,1092.00
             900.00,1092.00 900.00,1094.00 900.00,1094.00
             900.00,1094.00 888.47,1101.22 888.47,1101.22
             888.47,1101.22 845.53,1129.32 845.53,1129.32
             845.53,1129.32 839.23,1132.72 839.23,1132.72
             833.22,1136.45 820.08,1147.13 814.00,1148.00
             814.00,1148.00 816.05,1137.96 816.05,1137.96
             816.05,1137.96 816.05,1128.17 816.05,1128.17
             816.05,1128.17 817.99,1121.96 817.99,1121.96
             817.99,1121.96 817.99,1113.09 817.99,1113.09
             817.99,1113.09 819.99,1105.96 819.99,1105.96
             819.99,1105.96 819.99,1095.09 819.99,1095.09
             819.99,1095.09 821.89,1088.91 821.89,1088.91
             821.89,1088.91 821.89,1080.04 821.89,1080.04
             821.89,1080.04 824.46,1065.30 824.46,1065.30
             824.46,1065.30 826.00,1062.00 826.00,1062.00
             826.00,1062.00 828.00,1062.00 828.00,1062.00 Z" />
</svg>
<?xml version="1.0" encoding="UTF-8" standalone="no"?>
<!DOCTYPE svg PUBLIC "-//W3C//DTD SVG 20010904//EN"
              "http://www.w3.org/TR/2001/REC-SVG-20010904/DTD/svg10.dtd">

<svg xmlns="http://www.w3.org/2000/svg"
     width="19.0833in" height="18in"
     viewBox="0 0 1374 1296">
  <path id="Selection"
        fill="none" stroke="black" stroke-width="1"
        d="M 1138.00,398.00
           C 1138.00,398.00 1138.00,498.00 1138.00,498.00
             1138.00,498.00 1030.00,458.00 1030.00,458.00
             1030.00,458.00 1030.00,572.00 1030.00,572.00
             1030.00,572.00 1138.00,590.00 1138.00,590.00
             1138.00,590.00 1138.00,700.23 1138.00,700.23
             1134.82,700.00 1053.50,710.50 1030.50,714.50
             1030.50,714.50 1030.04,723.00 1030.04,723.00
             1030.04,723.00 1030.04,868.00 1030.04,868.00
             1030.04,868.00 1138.00,820.00 1138.00,820.00
             1138.00,820.00 1138.00,942.00 1138.00,942.00
             1133.31,943.26 934.29,1075.12 927.50,1076.00
             927.50,1076.00 928.00,252.00 928.00,252.00
             936.35,255.17 1132.07,396.41 1138.00,398.00 Z" />
</svg>
<?xml version="1.0" encoding="UTF-8" standalone="no"?>
<!DOCTYPE svg PUBLIC "-//W3C//DTD SVG 20010904//EN"
              "http://www.w3.org/TR/2001/REC-SVG-20010904/DTD/svg10.dtd">

<svg xmlns="http://www.w3.org/2000/svg"
     width="19.0833in" height="18in"
     viewBox="0 0 1374 1296">
  <path id="Unnamed"
        fill="none" stroke="black" stroke-width="1"
        d="M 668.00,1270.00
           C 668.00,1270.00 1162.00,954.00 1162.00,954.00
             1162.00,954.00 1162.00,386.00 1162.00,386.00
             1162.00,386.00 667.00,38.00 667.00,38.00
             667.00,38.00 175.50,387.50 175.50,387.50
             175.50,387.50 176.00,955.00 176.00,955.00
             176.00,955.00 668.00,1270.00 668.00,1270.00 Z" />
</svg>
<?xml version="1.0" encoding="UTF-8" standalone="no"?>
<!DOCTYPE svg PUBLIC "-//W3C//DTD SVG 20010904//EN"
              "http://www.w3.org/TR/2001/REC-SVG-20010904/DTD/svg10.dtd">

<svg xmlns="http://www.w3.org/2000/svg"
     width="19.0833in" height="18in"
     viewBox="0 0 1374 1296">
  <path id="Selection #16"
        fill="none" stroke="black" stroke-width="1"
        d="M 432.00,324.00
           C 436.61,327.50 445.10,328.95 450.72,330.42
             450.72,330.42 473.07,337.75 473.07,337.75
             476.80,338.58 489.41,341.41 491.18,344.56
             492.19,346.36 492.00,349.92 492.00,352.00
             492.00,352.00 492.00,729.00 492.00,729.00
             492.00,729.00 492.00,866.00 492.00,866.00
             492.00,866.00 492.00,934.00 492.00,934.00
             491.88,942.14 490.02,938.46 490.00,949.00
             490.00,949.00 490.00,958.00 490.00,958.00
             490.00,958.00 474.72,961.58 474.72,961.58
             474.72,961.58 448.16,968.46 448.16,968.46
             448.16,968.46 428.00,974.00 428.00,974.00
             428.00,974.00 428.00,506.00 428.00,506.00
             428.00,506.00 428.00,377.00 428.00,377.00
             428.00,377.00 428.00,342.00 428.00,342.00
             428.00,335.78 427.05,329.62 430.00,324.00
             430.00,324.00 432.00,324.00 432.00,324.00 Z" />
</svg>
<?xml version="1.0" encoding="UTF-8" standalone="no"?>
<!DOCTYPE svg PUBLIC "-//W3C//DTD SVG 20010904//EN"
              "http://www.w3.org/TR/2001/REC-SVG-20010904/DTD/svg10.dtd">

<svg xmlns="http://www.w3.org/2000/svg"
     width="19.0833in" height="18in"
     viewBox="0 0 1374 1296">
  <path id="Selection #17"
        fill="none" stroke="black" stroke-width="1"
        d="M 451.00,305.71
           C 451.00,305.71 458.77,301.28 458.77,301.28
             458.77,301.28 468.47,294.68 468.47,294.68
             468.47,294.68 474.77,291.28 474.77,291.28
             479.17,288.55 487.18,282.69 492.00,282.00
             492.00,282.00 492.00,330.00 492.00,330.00
             492.00,330.00 440.00,316.00 440.00,316.00
             440.97,309.28 444.59,310.21 451.00,305.71 Z" />
</svg>
<?xml version="1.0" encoding="UTF-8" standalone="no"?>
<!DOCTYPE svg PUBLIC "-//W3C//DTD SVG 20010904//EN"
              "http://www.w3.org/TR/2001/REC-SVG-20010904/DTD/svg10.dtd">

<svg xmlns="http://www.w3.org/2000/svg"
     width="19.0833in" height="18in"
     viewBox="0 0 1374 1296">
  <path id="Selection #18"
        fill="none" stroke="black" stroke-width="1"
        d="M 449.28,980.42
           C 449.28,980.42 468.72,975.27 468.72,975.27
             468.72,975.27 490.00,970.00 490.00,970.00
             490.00,970.00 490.00,1020.00 490.00,1020.00
             490.00,1020.00 452.48,995.32 452.48,995.32
             452.48,995.32 438.00,986.00 438.00,986.00
             438.00,986.00 438.00,984.00 438.00,984.00
             438.00,984.00 449.28,980.42 449.28,980.42 Z" />
</svg>
<?xml version="1.0" encoding="UTF-8" standalone="no"?>
<!DOCTYPE svg PUBLIC "-//W3C//DTD SVG 20010904//EN"
              "http://www.w3.org/TR/2001/REC-SVG-20010904/DTD/svg10.dtd">

<svg xmlns="http://www.w3.org/2000/svg"
     width="19.0833in" height="18in"
     viewBox="0 0 1374 1296">
  <path id="Selection #19"
        fill="none" stroke="black" stroke-width="1"
        d="M 300.00,674.00
           C 300.00,674.00 316.00,676.00 316.00,676.00
             316.00,676.00 338.00,676.00 338.00,676.00
             338.00,676.00 338.00,787.00 338.00,787.00
             338.00,787.00 340.00,802.00 340.00,802.00
             340.00,802.00 340.00,964.00 340.00,964.00
             340.00,964.00 324.72,967.58 324.72,967.58
             324.72,967.58 290.16,976.46 290.16,976.46
             290.16,976.46 274.00,980.00 274.00,980.00
             274.00,980.00 270.00,980.00 270.00,980.00
             270.00,980.00 270.00,674.00 270.00,674.00
             270.00,674.00 300.00,674.00 300.00,674.00 Z" />
</svg>
<?xml version="1.0" encoding="UTF-8" standalone="no"?>
<!DOCTYPE svg PUBLIC "-//W3C//DTD SVG 20010904//EN"
              "http://www.w3.org/TR/2001/REC-SVG-20010904/DTD/svg10.dtd">

<svg xmlns="http://www.w3.org/2000/svg"
     width="19.0833in" height="18in"
     viewBox="0 0 1374 1296">
  <path id="Selection #20"
        fill="none" stroke="black" stroke-width="1"
        d="M 297.28,986.42
           C 297.28,986.42 340.00,976.00 340.00,976.00
             340.00,976.00 340.00,1032.00 340.00,1032.00
             340.00,1032.00 323.53,1021.22 323.53,1021.22
             323.53,1021.22 310.47,1013.32 310.47,1013.32
             310.47,1013.32 294.77,1002.72 294.77,1002.72
             294.77,1002.72 281.28,994.15 281.28,994.15
             281.28,994.15 280.00,990.00 280.00,990.00
             280.00,990.00 297.28,986.42 297.28,986.42 Z" />
</svg>
<?xml version="1.0" encoding="UTF-8" standalone="no"?>
<!DOCTYPE svg PUBLIC "-//W3C//DTD SVG 20010904//EN"
              "http://www.w3.org/TR/2001/REC-SVG-20010904/DTD/svg10.dtd">

<svg xmlns="http://www.w3.org/2000/svg"
     width="19.0833in" height="18in"
     viewBox="0 0 1374 1296">
  <path id="Selection #23"
        fill="none" stroke="black" stroke-width="1"
        d="M 281.84,527.54
           C 281.84,527.54 303.84,521.54 303.84,521.54
             303.84,521.54 313.28,518.42 313.28,518.42
             313.28,518.42 328.42,514.66 328.42,514.66
             332.70,513.22 346.58,510.37 348.69,507.43
             350.25,505.24 349.99,501.60 350.00,499.00
             350.00,499.00 350.00,300.00 350.00,300.00
             350.00,297.26 349.71,294.16 351.25,291.76
             353.00,289.04 356.47,287.72 358.97,285.62
             358.97,285.62 377.52,272.77 377.52,272.77
             377.52,272.77 384.77,267.28 384.77,267.28
             384.77,267.28 395.74,259.20 395.74,259.20
             395.74,259.20 405.52,252.77 405.52,252.77
             405.52,252.77 410.48,248.68 410.48,248.68
             410.48,248.68 439.52,228.77 439.52,228.77
             439.52,228.77 443.74,225.20 443.74,225.20
             443.74,225.20 453.52,218.77 453.52,218.77
             453.52,218.77 458.48,214.68 458.48,214.68
             458.48,214.68 487.52,194.77 487.52,194.77
             487.52,194.77 491.74,191.20 491.74,191.20
             491.74,191.20 501.53,184.78 501.53,184.78
             501.53,184.78 512.48,176.68 512.48,176.68
             512.48,176.68 521.52,170.77 521.52,170.77
             521.52,170.77 525.74,167.20 525.74,167.20
             525.74,167.20 535.52,160.77 535.52,160.77
             535.52,160.77 540.48,156.68 540.48,156.68
             540.48,156.68 587.74,123.20 587.74,123.20
             587.74,123.20 597.53,116.78 597.53,116.78
             597.53,116.78 608.48,108.68 608.48,108.68
             608.48,108.68 617.52,102.77 617.52,102.77
             617.52,102.77 621.74,99.20 621.74,99.20
             621.74,99.20 631.52,92.77 631.52,92.77
             631.52,92.77 636.48,88.68 636.48,88.68
             636.48,88.68 651.52,78.77 651.52,78.77
             655.73,75.74 662.93,68.86 668.13,68.28
             672.26,67.82 678.60,73.74 681.74,76.22
             681.74,76.22 691.52,82.68 691.52,82.68
             691.52,82.68 696.48,86.77 696.48,86.77
             696.48,86.77 708.47,94.78 708.47,94.78
             708.47,94.78 730.48,110.77 730.48,110.77
             730.48,110.77 749.74,124.22 749.74,124.22
             758.66,131.23 761.94,128.67 762.00,139.00
             762.00,139.00 762.00,145.00 762.00,145.00
             762.14,153.09 763.98,149.53 764.06,160.00
             764.06,160.00 764.06,173.96 764.06,173.96
             764.79,179.45 765.98,176.32 766.06,186.00
             766.06,186.00 766.06,197.96 766.06,197.96
             766.06,197.96 767.94,205.09 767.94,205.09
             767.94,205.09 767.94,219.00 767.94,219.00
             768.02,229.54 769.88,225.86 770.06,234.00
             770.06,234.00 770.06,247.96 770.06,247.96
             770.79,253.45 771.98,250.32 772.06,260.00
             772.06,260.00 772.06,273.96 772.06,273.96
             772.06,273.96 773.94,281.09 773.94,281.09
             773.94,281.09 773.94,297.00 773.94,297.00
             774.14,304.90 775.95,301.96 776.06,311.00
             776.06,311.00 776.06,323.96 776.06,323.96
             776.06,323.96 777.94,331.09 777.94,331.09
             777.94,331.09 777.94,347.00 777.94,347.00
             778.14,354.90 779.95,351.96 780.06,361.00
             780.06,361.00 780.06,375.96 780.06,375.96
             780.06,375.96 781.94,383.09 781.94,383.09
             781.94,383.09 781.94,397.00 781.94,397.00
             782.14,405.09 783.98,401.53 784.06,412.00
             784.06,412.00 784.06,425.96 784.06,425.96
             784.79,431.45 785.98,428.32 786.06,438.00
             786.06,438.00 786.06,449.96 786.06,449.96
             786.79,455.45 787.98,452.32 788.06,462.00
             788.06,462.00 788.06,475.96 788.06,475.96
             788.06,475.96 789.94,483.09 789.94,483.09
             789.94,483.09 789.94,499.00 789.94,499.00
             790.12,505.70 791.38,504.70 791.94,509.09
             791.94,509.09 791.94,522.00 791.94,522.00
             792.06,531.13 793.88,528.03 794.00,536.00
             794.00,536.00 794.00,548.00 794.00,548.00
             794.05,556.15 795.33,554.24 795.94,559.09
             795.94,559.09 795.94,573.00 795.94,573.00
             796.02,584.09 797.98,578.89 798.06,590.00
             798.06,590.00 798.06,601.96 798.06,601.96
             798.06,601.96 799.94,609.09 799.94,609.09
             799.94,609.09 799.94,623.00 799.94,623.00
             800.02,632.64 801.28,629.81 801.94,635.09
             801.94,635.09 801.94,646.00 801.94,646.00
             801.94,646.00 814.00,646.00 814.00,646.00
             814.00,646.00 816.06,629.00 816.06,629.00
             816.06,629.00 816.06,619.09 816.06,619.09
             816.06,619.09 818.00,604.00 818.00,604.00
             818.00,604.00 820.06,589.00 820.06,589.00
             820.06,589.00 820.06,579.09 820.06,579.09
             820.06,579.09 822.00,565.00 822.00,565.00
             822.00,565.00 824.12,551.00 824.12,551.00
             824.12,551.00 824.12,540.17 824.12,540.17
             824.12,540.17 826.00,529.00 826.00,529.00
             826.00,529.00 828.06,511.00 828.06,511.00
             828.06,511.00 828.06,501.09 828.06,501.09
             828.06,501.09 830.00,485.00 830.00,485.00
             830.00,485.00 832.00,469.00 832.00,469.00
             832.00,469.00 834.06,453.00 834.06,453.00
             834.06,453.00 834.06,443.09 834.06,443.09
             834.06,443.09 836.00,427.00 836.00,427.00
             836.00,427.00 838.12,413.00 838.12,413.00
             838.12,413.00 838.12,402.17 838.12,402.17
             838.12,402.17 840.00,391.00 840.00,391.00
             840.00,391.00 841.94,377.96 841.94,377.96
             841.94,377.96 841.94,370.00 841.94,370.00
             841.94,370.00 843.94,357.96 843.94,357.96
             843.94,357.96 843.94,348.00 843.94,348.00
             843.94,348.00 845.87,338.91 845.87,338.91
             845.87,338.91 845.87,328.00 845.87,328.00
             845.87,328.00 848.06,315.00 848.06,315.00
             848.06,315.00 848.06,305.09 848.06,305.09
             848.06,305.09 850.00,290.00 850.00,290.00
             850.00,290.00 852.06,277.00 852.06,277.00
             852.06,277.00 852.06,267.09 852.06,267.09
             852.06,267.09 853.87,260.91 853.87,260.91
             853.87,260.91 853.87,250.00 853.87,250.00
             853.87,250.00 856.12,237.00 856.12,237.00
             856.12,237.00 856.12,226.17 856.12,226.17
             856.12,226.17 857.94,219.96 857.94,219.96
             857.94,219.96 857.94,204.00 857.94,204.00
             859.99,204.06 861.61,203.95 863.49,204.81
             863.49,204.81 886.47,220.78 886.47,220.78
             886.47,220.78 894.48,226.77 894.48,226.77
             894.48,226.77 907.03,235.62 907.03,235.62
             908.89,237.18 912.16,238.68 913.18,240.55
             915.50,244.83 913.52,251.81 912.46,256.17
             912.46,256.17 911.89,266.91 911.89,266.91
             911.89,266.91 909.91,275.01 909.91,275.01
             909.91,275.01 909.91,283.83 909.91,283.83
             909.91,283.83 907.95,290.04 907.95,290.04
             907.95,290.04 907.95,299.83 907.95,299.83
             907.95,299.83 905.95,306.04 905.95,306.04
             905.95,306.04 905.95,315.83 905.95,315.83
             905.95,315.83 904.01,322.04 904.01,322.04
             904.01,322.04 904.01,330.91 904.01,330.91
             904.01,330.91 902.01,338.04 902.01,338.04
             902.01,338.04 902.01,346.91 902.01,346.91
             902.01,346.91 900.01,354.04 900.01,354.04
             900.01,354.04 900.01,362.91 900.01,362.91
             900.01,362.91 898.07,369.09 898.07,369.09
             898.07,369.09 898.07,378.91 898.07,378.91
             897.38,383.30 896.12,382.30 896.00,389.00
             895.77,402.90 894.99,396.84 893.95,404.04
             893.95,404.04 893.95,413.83 893.95,413.83
             893.95,413.83 892.01,420.04 892.01,420.04
             892.01,420.04 892.01,428.91 892.01,428.91
             892.01,428.91 890.01,436.04 890.01,436.04
             890.01,436.04 890.01,444.91 890.01,444.91
             890.01,444.91 888.01,452.04 888.01,452.04
             888.01,452.04 888.01,460.91 888.01,460.91
             888.01,460.91 886.01,468.04 886.01,468.04
             886.01,468.04 886.01,476.91 886.01,476.91
             886.01,476.91 884.01,484.04 884.01,484.04
             884.01,484.04 884.01,492.91 884.01,492.91
             884.01,492.91 882.01,500.04 882.01,500.04
             882.01,500.04 882.01,508.91 882.01,508.91
             882.01,508.91 880.01,516.04 880.01,516.04
             880.01,516.04 880.01,524.91 880.01,524.91
             880.01,524.91 878.01,532.04 878.01,532.04
             878.01,532.04 878.01,540.91 878.01,540.91
             878.01,540.91 876.01,548.04 876.01,548.04
             876.01,548.04 876.01,556.91 876.01,556.91
             876.01,556.91 874.01,564.04 874.01,564.04
             874.01,564.04 874.01,572.91 874.01,572.91
             873.38,577.30 872.12,576.30 872.00,583.00
             871.77,596.90 870.99,590.84 869.95,598.04
             869.95,598.04 869.95,607.83 869.95,607.83
             869.95,607.83 868.01,614.04 868.01,614.04
             868.01,614.04 868.01,622.91 868.01,622.91
             868.01,622.91 866.01,630.04 866.01,630.04
             866.01,630.04 866.01,638.91 866.01,638.91
             866.01,638.91 864.01,646.04 864.01,646.04
             864.01,646.04 864.01,654.91 864.01,654.91
             864.01,654.91 862.01,662.04 862.01,662.04
             862.01,662.04 862.01,670.91 862.01,670.91
             862.01,670.91 860.01,678.04 860.01,678.04
             860.01,678.04 860.01,686.91 860.01,686.91
             860.01,686.91 858.01,694.04 858.01,694.04
             858.01,694.04 858.01,702.91 858.01,702.91
             858.01,702.91 856.01,710.04 856.01,710.04
             856.01,710.04 856.01,718.91 856.01,718.91
             856.01,718.91 854.01,726.04 854.01,726.04
             854.01,726.04 854.01,734.91 854.01,734.91
             854.01,734.91 852.01,742.04 852.01,742.04
             852.01,742.04 852.01,750.91 852.01,750.91
             852.01,750.91 850.07,757.09 850.07,757.09
             850.07,757.09 850.07,766.91 850.07,766.91
             849.38,771.30 848.12,770.30 848.00,777.00
             847.77,790.90 846.99,784.84 846.01,792.04
             846.01,792.04 846.01,800.91 846.01,800.91
             846.01,800.91 844.01,807.09 844.01,807.09
             844.01,807.09 844.01,817.83 844.01,817.83
             844.01,817.83 842.01,824.04 842.01,824.04
             842.01,824.04 842.01,832.91 842.01,832.91
             842.01,832.91 840.07,839.09 840.07,839.09
             840.07,839.09 840.07,848.91 840.07,848.91
             840.07,848.91 838.01,856.04 838.01,856.04
             838.01,856.04 838.01,864.91 838.01,864.91
             838.01,864.91 836.01,872.04 836.01,872.04
             836.01,872.04 836.01,880.91 836.01,880.91
             836.01,880.91 834.01,888.04 834.01,888.04
             834.01,888.04 834.01,896.91 834.01,896.91
             834.01,896.91 832.01,904.04 832.01,904.04
             832.01,904.04 832.01,912.91 832.01,912.91
             832.01,912.91 830.01,920.04 830.01,920.04
             830.01,920.04 830.01,928.91 830.01,928.91
             830.01,928.91 828.01,936.04 828.01,936.04
             828.01,936.04 828.01,944.91 828.01,944.91
             827.38,949.30 826.12,948.30 826.00,955.00
             825.77,968.90 824.99,962.84 824.01,970.04
             824.01,970.04 824.01,978.91 824.01,978.91
             824.01,978.91 822.01,986.04 822.01,986.04
             822.01,986.04 822.01,994.91 822.01,994.91
             822.01,994.91 820.01,1002.04 820.01,1002.04
             820.01,1002.04 820.01,1010.91 820.01,1010.91
             820.01,1010.91 818.01,1018.04 818.01,1018.04
             818.01,1018.04 818.01,1026.91 818.01,1026.91
             818.01,1026.91 816.01,1034.04 816.01,1034.04
             816.01,1034.04 816.01,1042.91 816.01,1042.91
             816.01,1042.91 814.01,1050.04 814.01,1050.04
             814.01,1050.04 814.01,1058.91 814.01,1058.91
             814.01,1058.91 811.95,1066.04 811.95,1066.04
             811.95,1066.04 811.95,1075.83 811.95,1075.83
             811.95,1075.83 809.95,1082.04 809.95,1082.04
             809.95,1082.04 809.95,1091.83 809.95,1091.83
             809.95,1091.83 808.01,1098.04 808.01,1098.04
             808.01,1098.04 808.01,1106.91 808.01,1106.91
             807.33,1111.80 806.10,1109.73 806.00,1118.00
             806.00,1118.00 804.00,1118.00 804.00,1118.00
             804.00,1118.00 801.93,1102.91 801.93,1102.91
             801.93,1102.91 801.93,1095.09 801.93,1095.09
             801.93,1095.09 799.93,1088.91 799.93,1088.91
             799.93,1088.91 799.93,1081.09 799.93,1081.09
             799.93,1081.09 797.93,1074.91 797.93,1074.91
             797.93,1074.91 797.93,1065.09 797.93,1065.09
             797.93,1065.09 795.99,1059.83 795.99,1059.83
             795.99,1059.83 795.99,1051.09 795.99,1051.09
             795.99,1051.09 793.99,1045.83 793.99,1045.83
             793.99,1045.83 793.99,1037.09 793.99,1037.09
             793.99,1037.09 792.05,1031.83 792.05,1031.83
             792.05,1031.83 792.05,1024.04 792.05,1024.04
             792.05,1024.04 790.05,1017.83 790.05,1017.83
             790.05,1017.83 790.05,1010.04 790.05,1010.04
             790.05,1010.04 788.05,1003.83 788.05,1003.83
             788.05,1003.83 788.05,994.04 788.05,994.04
             788.05,994.04 785.99,987.83 785.99,987.83
             785.99,987.83 785.99,979.09 785.99,979.09
             785.99,979.09 783.93,972.91 783.93,972.91
             783.93,972.91 783.93,965.09 783.93,965.09
             783.93,965.09 781.99,959.83 781.99,959.83
             781.99,959.83 781.99,951.09 781.99,951.09
             781.99,951.09 780.05,945.83 780.05,945.83
             780.05,945.83 780.05,938.04 780.05,938.04
             780.05,938.04 777.99,930.91 777.99,930.91
             777.99,930.91 777.99,922.04 777.99,922.04
             777.99,922.04 776.05,915.83 776.05,915.83
             776.05,915.83 776.05,908.04 776.05,908.04
             776.05,908.04 774.05,901.83 774.05,901.83
             774.05,901.83 774.05,894.04 774.05,894.04
             774.05,894.04 772.05,887.83 772.05,887.83
             772.05,887.83 772.05,880.04 772.05,880.04
             772.05,880.04 770.05,873.83 770.05,873.83
             770.05,873.83 770.05,866.04 770.05,866.04
             770.05,866.04 768.05,859.83 768.05,859.83
             768.05,859.83 768.05,850.04 768.05,850.04
             768.05,850.04 765.99,843.83 765.99,843.83
             765.99,843.83 765.99,835.09 765.99,835.09
             765.99,835.09 763.93,828.91 763.93,828.91
             763.93,828.91 763.93,821.09 763.93,821.09
             763.93,821.09 761.99,815.83 761.99,815.83
             761.99,815.83 761.99,807.09 761.99,807.09
             761.99,807.09 759.99,800.91 759.99,800.91
             759.99,800.91 759.99,794.04 759.99,794.04
             759.99,794.04 757.99,786.91 757.99,786.91
             757.99,786.91 757.99,778.04 757.99,778.04
             757.99,778.04 756.05,771.83 756.05,771.83
             756.05,771.83 756.05,764.04 756.05,764.04
             756.05,764.04 753.99,757.83 753.99,757.83
             753.99,757.83 753.99,749.09 753.99,749.09
             753.99,749.09 751.93,742.91 751.93,742.91
             751.93,742.91 751.93,735.09 751.93,735.09
             751.93,735.09 749.99,729.83 749.99,729.83
             749.99,729.83 749.99,721.09 749.99,721.09
             749.99,721.09 747.99,714.91 747.99,714.91
             747.99,714.91 747.99,706.04 747.99,706.04
             747.99,706.04 745.99,699.83 745.99,699.83
             745.99,699.83 745.99,691.09 745.99,691.09
             745.99,691.09 743.93,684.91 743.93,684.91
             743.93,684.91 743.93,677.09 743.93,677.09
             743.93,677.09 741.99,671.83 741.99,671.83
             741.99,671.83 741.99,663.09 741.99,663.09
             741.99,663.09 739.99,657.83 739.99,657.83
             739.99,657.83 739.99,647.09 739.99,647.09
             739.99,647.09 737.93,640.91 737.93,640.91
             737.93,640.91 737.93,633.09 737.93,633.09
             737.93,633.09 735.99,627.83 735.99,627.83
             735.99,627.83 735.99,619.09 735.99,619.09
             735.99,619.09 733.99,613.83 733.99,613.83
             733.99,613.83 733.99,605.09 733.99,605.09
             733.99,605.09 731.93,598.91 731.93,598.91
             731.93,598.91 731.93,591.09 731.93,591.09
             731.93,591.09 729.99,584.91 729.99,584.91
             729.99,584.91 729.99,576.04 729.99,576.04
             729.99,576.04 728.05,569.83 728.05,569.83
             728.05,569.83 728.05,562.04 728.05,562.04
             728.05,562.04 726.05,555.83 726.05,555.83
             726.05,555.83 726.05,548.04 726.05,548.04
             726.05,548.04 724.05,541.83 724.05,541.83
             724.05,541.83 724.05,534.04 724.05,534.04
             724.05,534.04 722.05,527.83 722.05,527.83
             722.05,527.83 722.05,520.04 722.05,520.04
             722.05,520.04 720.05,513.83 720.05,513.83
             720.05,513.83 720.05,504.04 720.05,504.04
             720.05,504.04 718.05,497.83 718.05,497.83
             718.05,497.83 718.05,490.04 718.05,490.04
             718.05,490.04 715.99,483.83 715.99,483.83
             715.99,483.83 715.99,475.09 715.99,475.09
             715.99,475.09 713.93,468.91 713.93,468.91
             713.93,468.91 713.93,461.09 713.93,461.09
             713.93,461.09 711.99,455.83 711.99,455.83
             711.99,455.83 711.99,447.09 711.99,447.09
             711.99,447.09 709.99,440.91 709.99,440.91
             709.99,440.91 709.99,432.04 709.99,432.04
             709.99,432.04 707.99,425.83 707.99,425.83
             707.99,425.83 707.99,417.09 707.99,417.09
             707.99,417.09 705.93,410.91 705.93,410.91
             705.93,410.91 705.93,403.09 705.93,403.09
             705.93,403.09 703.99,397.83 703.99,397.83
             703.99,397.83 703.99,389.09 703.99,389.09
             703.99,389.09 702.05,383.83 702.05,383.83
             702.05,383.83 702.05,376.04 702.05,376.04
             702.05,376.04 699.99,368.91 699.99,368.91
             699.99,368.91 699.99,360.04 699.99,360.04
             699.99,360.04 698.05,353.83 698.05,353.83
             698.05,353.83 698.05,346.04 698.05,346.04
             698.05,346.04 696.05,339.83 696.05,339.83
             696.05,339.83 696.05,332.04 696.05,332.04
             696.05,332.04 693.99,325.83 693.99,325.83
             693.99,325.83 693.99,317.09 693.99,317.09
             693.99,317.09 691.93,310.91 691.93,310.91
             691.93,310.91 691.93,303.09 691.93,303.09
             691.93,303.09 689.93,296.91 689.93,296.91
             689.93,296.91 689.93,287.09 689.93,287.09
             689.93,287.09 687.99,281.83 687.99,281.83
             687.99,281.83 687.99,273.09 687.99,273.09
             687.99,273.09 685.99,267.83 685.99,267.83
             685.99,267.83 685.99,259.09 685.99,259.09
             685.99,259.09 683.93,252.91 683.93,252.91
             683.93,252.91 683.93,245.09 683.93,245.09
             683.93,245.09 681.93,238.91 681.93,238.91
             681.93,238.91 681.93,229.09 681.93,229.09
             681.93,229.09 679.93,222.91 679.93,222.91
             679.93,222.91 679.93,215.09 679.93,215.09
             679.93,215.09 677.99,208.91 677.99,208.91
             677.99,208.91 677.99,202.04 677.99,202.04
             677.99,202.04 676.05,195.83 676.05,195.83
             676.05,195.83 676.05,188.04 676.05,188.04
             676.05,188.04 674.00,178.00 674.00,178.00
             669.69,177.87 668.08,178.10 666.00,174.00
             666.00,174.00 664.00,174.00 664.00,174.00
             660.97,178.01 652.92,180.26 648.47,183.22
             648.47,183.22 632.80,191.84 632.80,191.84
             632.80,191.84 625.99,196.22 625.99,196.22
             625.99,196.22 610.01,204.27 610.01,204.27
             603.68,207.90 597.47,213.04 590.00,214.00
             590.00,214.00 590.00,357.00 590.00,357.00
             590.00,357.00 590.00,428.00 590.00,428.00
             590.00,428.00 588.00,443.00 588.00,443.00
             588.00,443.00 588.00,1088.00 588.00,1088.00
             594.03,1088.78 603.71,1095.86 609.23,1099.28
             609.23,1099.28 644.77,1120.22 644.77,1120.22
             648.99,1122.71 657.68,1128.84 662.00,1130.00
             662.00,1130.00 662.00,1238.00 662.00,1238.00
             662.00,1238.00 640.77,1224.72 640.77,1224.72
             640.77,1224.72 634.47,1221.32 634.47,1221.32
             634.47,1221.32 612.77,1206.72 612.77,1206.72
             612.77,1206.72 606.47,1203.32 606.47,1203.32
             606.47,1203.32 584.77,1188.72 584.77,1188.72
             584.77,1188.72 578.47,1185.32 578.47,1185.32
             578.47,1185.32 556.77,1170.72 556.77,1170.72
             556.77,1170.72 550.47,1167.32 550.47,1167.32
             550.47,1167.32 534.77,1156.72 534.77,1156.72
             534.77,1156.72 528.47,1153.32 528.47,1153.32
             528.47,1153.32 506.77,1138.72 506.77,1138.72
             506.77,1138.72 500.47,1135.32 500.47,1135.32
             500.47,1135.32 478.77,1120.72 478.77,1120.72
             478.77,1120.72 472.47,1117.32 472.47,1117.32
             472.47,1117.32 451.53,1103.22 451.53,1103.22
             451.53,1103.22 444.47,1099.32 444.47,1099.32
             444.47,1099.32 423.53,1085.22 423.53,1085.22
             423.53,1085.22 416.47,1081.32 416.47,1081.32
             416.47,1081.32 400.77,1070.72 400.77,1070.72
             400.77,1070.72 394.47,1067.32 394.47,1067.32
             394.47,1067.32 371.99,1052.27 371.99,1052.27
             371.99,1052.27 358.27,1043.75 358.27,1043.75
             358.27,1043.75 352.82,1039.45 352.82,1039.45
             352.82,1039.45 352.00,1032.00 352.00,1032.00
             352.00,1032.00 352.00,901.00 352.00,901.00
             352.00,901.00 350.00,886.00 350.00,886.00
             350.00,886.00 350.00,666.00 350.00,666.00
             336.72,666.00 341.48,664.06 332.00,664.00
             332.00,664.00 308.00,664.00 308.00,664.00
             296.89,663.98 302.09,662.02 291.00,662.00
             282.84,661.98 266.79,663.57 260.00,660.00
             260.00,660.00 260.00,978.00 260.00,978.00
             251.23,977.75 244.63,969.85 237.20,965.84
             237.20,965.84 211.53,949.22 211.53,949.22
             202.81,943.42 198.02,944.47 198.10,932.00
             198.10,932.00 198.10,852.00 198.10,852.00
             198.10,852.00 198.10,479.00 198.10,479.00
             198.10,479.00 198.10,408.00 198.10,408.00
             198.00,406.12 197.89,403.05 198.10,401.32
             200.18,396.35 209.30,391.82 213.52,388.77
             213.52,388.77 235.53,372.78 235.53,372.78
             235.53,372.78 247.52,364.77 247.52,364.77
             252.56,361.14 252.82,358.93 260.00,358.00
             260.00,358.00 260.00,534.00 260.00,534.00
             260.00,534.00 281.84,527.54 281.84,527.54 Z
           M 502.00,260.00
           C 502.00,260.00 479.23,274.22 479.23,274.22
             479.23,274.22 443.23,296.22 443.23,296.22
             435.10,301.02 427.79,307.88 418.00,308.00
             418.00,308.00 418.00,990.00 418.00,990.00
             418.00,990.00 420.00,988.00 420.00,988.00
             420.00,988.00 422.00,988.00 422.00,988.00
             422.00,988.00 431.53,995.22 431.53,995.22
             431.53,995.22 448.77,1006.72 448.77,1006.72
             448.77,1006.72 460.48,1015.32 460.48,1015.32
             460.48,1015.32 486.77,1032.72 486.77,1032.72
             486.77,1032.72 502.00,1042.00 502.00,1042.00
             502.00,1042.00 502.00,683.00 502.00,683.00
             502.00,683.00 502.00,563.00 502.00,563.00
             502.00,563.00 502.00,503.00 502.00,503.00
             502.00,503.00 504.00,488.00 504.00,488.00
             504.00,488.00 504.00,260.00 504.00,260.00
             504.00,260.00 502.00,260.00 502.00,260.00 Z" />
</svg>
<?xml version="1.0" encoding="UTF-8" standalone="no"?>
<!DOCTYPE svg PUBLIC "-//W3C//DTD SVG 20010904//EN"
              "http://www.w3.org/TR/2001/REC-SVG-20010904/DTD/svg10.dtd">

<svg xmlns="http://www.w3.org/2000/svg"
     width="19.0833in" height="18in"
     viewBox="0 0 1374 1296">
  <path id="Selection #21"
        fill="none" stroke="black" stroke-width="1"
        d="M 279.07,344.13
           C 279.07,344.13 300.13,349.58 300.13,349.58
             300.13,349.58 338.00,362.00 338.00,362.00
             338.00,362.00 338.00,500.00 338.00,500.00
             338.00,500.00 324.72,503.58 324.72,503.58
             324.72,503.58 312.16,506.46 312.16,506.46
             312.16,506.46 302.72,509.58 302.72,509.58
             302.72,509.58 284.16,514.46 284.16,514.46
             284.16,514.46 270.00,518.00 270.00,518.00
             270.00,518.00 270.00,407.00 270.00,407.00
             270.00,407.00 270.00,358.00 270.00,358.00
             270.00,358.00 272.00,346.00 272.00,346.00
             272.00,346.00 279.07,344.13 279.07,344.13 Z" />
</svg>
<?xml version="1.0" encoding="UTF-8" standalone="no"?>
<!DOCTYPE svg PUBLIC "-//W3C//DTD SVG 20010904//EN"
              "http://www.w3.org/TR/2001/REC-SVG-20010904/DTD/svg10.dtd">

<svg xmlns="http://www.w3.org/2000/svg"
     width="19.0833in" height="18in"
     viewBox="0 0 1374 1296">
  <path id="Selection #22"
        fill="none" stroke="black" stroke-width="1"
        d="M 301.23,326.21
           C 301.23,326.21 328.00,307.75 328.00,307.75
             332.75,304.73 332.30,302.81 338.00,302.00
             338.00,302.00 338.00,348.00 338.00,348.00
             327.76,347.97 313.90,341.73 303.87,338.42
             299.33,336.92 294.28,336.49 292.00,332.00
             297.35,330.56 296.96,328.96 301.23,326.21 Z" />
</svg>
<?xml version="1.0" encoding="UTF-8" standalone="no"?>
<!DOCTYPE svg PUBLIC "-//W3C//DTD SVG 20010904//EN"
              "http://www.w3.org/TR/2001/REC-SVG-20010904/DTD/svg10.dtd">

<svg xmlns="http://www.w3.org/2000/svg"
     width="19.0833in" height="18in"
     viewBox="0 0 1374 1296">
  <path id="Selection #12"
        fill="none" stroke="black" stroke-width="1"
        d="M 674.00,1140.00
           C 674.01,1136.19 673.55,1133.33 676.39,1130.38
             678.97,1127.71 687.48,1124.16 691.20,1122.16
             691.20,1122.16 698.01,1117.78 698.01,1117.78
             698.01,1117.78 709.99,1111.73 709.99,1111.73
             716.23,1108.15 715.80,1106.23 724.00,1106.00
             724.00,1106.00 724.00,1198.00 724.00,1198.00
             724.00,1200.30 724.19,1203.40 723.19,1205.48
             720.44,1211.20 704.95,1219.18 699.23,1222.72
             690.85,1227.92 683.33,1234.46 674.00,1238.00
             674.00,1238.00 674.00,1140.00 674.00,1140.00 Z" />
</svg>
<?xml version="1.0" encoding="UTF-8" standalone="no"?>
<!DOCTYPE svg PUBLIC "-//W3C//DTD SVG 20010904//EN"
              "http://www.w3.org/TR/2001/REC-SVG-20010904/DTD/svg10.dtd">

<svg xmlns="http://www.w3.org/2000/svg"
     width="19.0833in" height="18in"
     viewBox="0 0 1374 1296">
  <path id="Selection #7"
        fill="none" stroke="black" stroke-width="1"
        d="M 672.23,242.00
           C 672.23,242.00 672.23,253.83 672.23,253.83
             672.23,253.83 674.07,259.09 674.07,259.09
             674.07,259.09 674.07,266.91 674.07,266.91
             674.07,266.91 676.01,272.17 676.01,272.17
             676.01,272.17 676.01,280.91 676.01,280.91
             676.01,280.91 678.07,287.09 678.07,287.09
             678.07,287.09 678.07,294.91 678.07,294.91
             678.07,294.91 680.07,301.09 680.07,301.09
             680.07,301.09 680.07,308.91 680.07,308.91
             680.07,308.91 682.01,315.09 682.01,315.09
             682.01,315.09 682.01,323.96 682.01,323.96
             682.01,323.96 683.95,330.17 683.95,330.17
             683.95,330.17 683.95,337.96 683.95,337.96
             683.95,337.96 686.01,344.17 686.01,344.17
             686.01,344.17 686.01,352.91 686.01,352.91
             686.01,352.91 688.07,359.09 688.07,359.09
             688.07,359.09 688.07,366.91 688.07,366.91
             688.07,366.91 690.01,372.17 690.01,372.17
             690.01,372.17 690.01,380.91 690.01,380.91
             690.01,380.91 692.01,386.17 692.01,386.17
             692.01,386.17 692.01,396.91 692.01,396.91
             692.01,396.91 694.07,403.09 694.07,403.09
             694.07,403.09 694.07,410.91 694.07,410.91
             694.07,410.91 696.01,416.17 696.01,416.17
             696.01,416.17 696.01,424.91 696.01,424.91
             696.01,424.91 698.01,430.17 698.01,430.17
             698.01,430.17 698.01,438.91 698.01,438.91
             698.01,438.91 700.01,444.17 700.01,444.17
             700.01,444.17 700.01,452.91 700.01,452.91
             700.01,452.91 702.01,458.17 702.01,458.17
             702.01,458.17 702.01,468.91 702.01,468.91
             702.01,468.91 704.07,475.09 704.07,475.09
             704.07,475.09 704.07,482.91 704.07,482.91
             704.07,482.91 706.01,488.17 706.01,488.17
             706.01,488.17 706.01,496.91 706.01,496.91
             706.01,496.91 708.01,502.17 708.01,502.17
             708.01,502.17 708.01,510.91 708.01,510.91
             708.01,510.91 710.07,517.09 710.07,517.09
             710.07,517.09 710.07,524.91 710.07,524.91
             710.07,524.91 712.01,531.09 712.01,531.09
             712.01,531.09 712.01,539.96 712.01,539.96
             712.01,539.96 713.95,546.17 713.95,546.17
             713.95,546.17 713.95,553.96 713.95,553.96
             713.95,553.96 715.95,560.17 715.95,560.17
             715.95,560.17 715.95,567.96 715.95,567.96
             715.95,567.96 717.95,574.17 717.95,574.17
             717.95,574.17 717.95,581.96 717.95,581.96
             717.95,581.96 719.95,588.17 719.95,588.17
             719.95,588.17 719.95,595.96 719.95,595.96
             719.95,595.96 721.95,602.17 721.95,602.17
             721.95,602.17 721.95,611.96 721.95,611.96
             721.95,611.96 723.95,618.17 723.95,618.17
             723.95,618.17 723.95,625.96 723.95,625.96
             723.95,625.96 725.95,632.17 725.95,632.17
             725.95,632.17 725.95,639.96 725.95,639.96
             725.95,639.96 727.95,646.17 727.95,646.17
             727.95,646.17 727.95,653.96 727.95,653.96
             727.95,653.96 729.95,660.17 729.95,660.17
             729.95,660.17 729.95,669.96 729.95,669.96
             729.95,669.96 731.95,676.17 731.95,676.17
             731.95,676.17 731.95,683.96 731.95,683.96
             731.95,683.96 734.01,690.17 734.01,690.17
             734.01,690.17 734.01,698.91 734.01,698.91
             734.01,698.91 736.07,705.09 736.07,705.09
             736.07,705.09 736.07,712.91 736.07,712.91
             736.07,712.91 738.01,718.17 738.01,718.17
             738.01,718.17 738.01,726.91 738.01,726.91
             738.01,726.91 740.01,732.17 740.01,732.17
             740.01,732.17 740.01,742.91 740.01,742.91
             740.01,742.91 742.07,749.09 742.07,749.09
             742.07,749.09 742.07,756.91 742.07,756.91
             742.07,756.91 744.01,762.17 744.01,762.17
             744.01,762.17 744.01,770.91 744.01,770.91
             744.01,770.91 746.01,776.17 746.01,776.17
             746.01,776.17 746.01,784.91 746.01,784.91
             746.01,784.91 748.07,791.09 748.07,791.09
             748.07,791.09 748.07,798.91 748.07,798.91
             748.07,798.91 750.01,805.09 750.01,805.09
             750.01,805.09 750.01,813.96 750.01,813.96
             750.01,813.96 751.95,820.17 751.95,820.17
             751.95,820.17 751.95,827.96 751.95,827.96
             751.95,827.96 753.95,834.17 753.95,834.17
             753.95,834.17 753.95,841.96 753.95,841.96
             753.95,841.96 755.95,848.17 755.95,848.17
             755.95,848.17 755.95,855.96 755.95,855.96
             755.95,855.96 757.95,862.17 757.95,862.17
             757.95,862.17 757.95,869.96 757.95,869.96
             757.95,869.96 759.95,876.17 759.95,876.17
             759.95,876.17 759.95,885.96 759.95,885.96
             759.95,885.96 761.95,892.17 761.95,892.17
             761.95,892.17 761.95,899.96 761.95,899.96
             761.95,899.96 764.01,906.17 764.01,906.17
             764.01,906.17 764.01,914.91 764.01,914.91
             764.01,914.91 766.07,921.09 766.07,921.09
             766.07,921.09 766.07,928.91 766.07,928.91
             766.07,928.91 768.01,934.17 768.01,934.17
             768.01,934.17 768.01,942.91 768.01,942.91
             768.01,942.91 770.01,949.09 770.01,949.09
             770.01,949.09 770.01,957.96 770.01,957.96
             770.01,957.96 771.95,964.17 771.95,964.17
             771.95,964.17 771.95,971.96 771.95,971.96
             771.95,971.96 773.95,978.17 773.95,978.17
             773.95,978.17 773.95,985.96 773.95,985.96
             773.95,985.96 775.95,992.17 775.95,992.17
             775.95,992.17 775.95,999.96 775.95,999.96
             775.95,999.96 777.95,1006.17 777.95,1006.17
             777.95,1006.17 777.95,1013.96 777.95,1013.96
             777.95,1013.96 779.95,1020.17 779.95,1020.17
             779.95,1020.17 779.95,1029.96 779.95,1029.96
             779.95,1029.96 781.95,1036.17 781.95,1036.17
             781.95,1036.17 781.95,1043.96 781.95,1043.96
             781.95,1043.96 784.01,1050.17 784.01,1050.17
             784.01,1050.17 784.01,1058.91 784.01,1058.91
             784.01,1058.91 786.07,1065.09 786.07,1065.09
             786.07,1065.09 786.07,1072.91 786.07,1072.91
             786.07,1072.91 788.01,1078.17 788.01,1078.17
             788.01,1078.17 788.01,1086.91 788.01,1086.91
             788.01,1086.91 790.01,1093.09 790.01,1093.09
             790.01,1093.09 790.01,1101.96 790.01,1101.96
             790.01,1101.96 791.95,1108.17 791.95,1108.17
             791.95,1108.17 791.95,1115.96 791.95,1115.96
             791.95,1115.96 794.07,1123.09 794.07,1123.09
             794.07,1123.09 794.07,1130.91 794.07,1130.91
             794.07,1130.91 796.07,1137.09 796.07,1137.09
             796.07,1137.09 796.07,1144.91 796.07,1144.91
             796.07,1144.91 798.00,1158.00 798.00,1158.00
             798.00,1158.00 783.20,1149.84 783.20,1149.84
             783.20,1149.84 756.01,1136.22 756.01,1136.22
             756.01,1136.22 749.99,1132.27 749.99,1132.27
             749.99,1132.27 734.82,1123.45 734.82,1123.45
             734.82,1123.45 734.00,1116.00 734.00,1116.00
             734.00,1116.00 734.00,1094.00 734.00,1094.00
             734.00,1094.00 730.00,1094.00 730.00,1094.00
             730.00,1094.00 732.00,1088.00 732.00,1088.00
             732.00,1088.00 718.00,1082.23 718.00,1082.23
             718.00,1082.23 690.00,1070.00 690.00,1070.00
             690.00,1070.00 687.99,1059.83 687.99,1059.83
             687.99,1059.83 687.99,1053.09 687.99,1053.09
             687.99,1053.09 685.99,1047.83 685.99,1047.83
             685.99,1047.83 685.99,1041.09 685.99,1041.09
             685.99,1041.09 683.93,1034.91 683.93,1034.91
             683.93,1034.91 683.93,1027.09 683.93,1027.09
             683.93,1027.09 681.99,1021.83 681.99,1021.83
             681.99,1021.83 681.99,1015.09 681.99,1015.09
             681.99,1015.09 679.99,1009.83 679.99,1009.83
             679.99,1009.83 679.99,1003.09 679.99,1003.09
             679.99,1003.09 677.93,996.91 677.93,996.91
             677.93,996.91 677.93,989.09 677.93,989.09
             677.93,989.09 675.99,983.83 675.99,983.83
             675.99,983.83 675.99,977.09 675.99,977.09
             675.99,977.09 673.99,971.83 673.99,971.83
             673.99,971.83 673.99,965.09 673.99,965.09
             673.99,965.09 671.99,959.83 671.99,959.83
             671.99,959.83 671.99,953.09 671.99,953.09
             671.99,953.09 670.05,947.83 670.05,947.83
             670.05,947.83 670.05,940.04 670.05,940.04
             670.05,940.04 667.99,933.83 667.99,933.83
             667.99,933.83 667.99,927.09 667.99,927.09
             667.99,927.09 665.93,920.91 665.93,920.91
             665.93,920.91 665.93,915.09 665.93,915.09
             665.93,915.09 663.99,909.83 663.99,909.83
             663.99,909.83 663.99,903.09 663.99,903.09
             663.99,903.09 661.99,897.83 661.99,897.83
             661.99,897.83 661.99,889.09 661.99,889.09
             661.99,889.09 659.99,883.83 659.99,883.83
             659.99,883.83 659.99,877.09 659.99,877.09
             659.99,877.09 658.00,866.00 658.00,866.00
             658.00,866.00 658.00,248.00 658.00,248.00
             658.00,248.00 672.23,242.00 672.23,242.00 Z" />
</svg>
<?xml version="1.0" encoding="UTF-8" standalone="no"?>
<!DOCTYPE svg PUBLIC "-//W3C//DTD SVG 20010904//EN"
              "http://www.w3.org/TR/2001/REC-SVG-20010904/DTD/svg10.dtd">

<svg xmlns="http://www.w3.org/2000/svg"
     width="19.0833in" height="18in"
     viewBox="0 0 1374 1296">
  <path id="Selection #8"
        fill="none" stroke="black" stroke-width="1"
        d="M 660.23,950.00
           C 660.23,950.00 660.23,959.83 660.23,959.83
             660.23,959.83 662.01,964.17 662.01,964.17
             662.01,964.17 662.01,970.91 662.01,970.91
             662.01,970.91 664.01,976.17 664.01,976.17
             664.01,976.17 664.01,982.91 664.01,982.91
             664.01,982.91 666.07,989.09 666.07,989.09
             666.07,989.09 666.07,996.91 666.07,996.91
             666.07,996.91 668.01,1002.17 668.01,1002.17
             668.01,1002.17 668.01,1008.91 668.01,1008.91
             668.01,1008.91 670.01,1014.17 670.01,1014.17
             670.01,1014.17 670.01,1020.91 670.01,1020.91
             670.01,1020.91 672.01,1026.17 672.01,1026.17
             672.01,1026.17 672.01,1032.91 672.01,1032.91
             672.01,1032.91 673.95,1038.17 673.95,1038.17
             673.95,1038.17 673.95,1045.96 673.95,1045.96
             673.95,1045.96 676.00,1062.00 676.00,1062.00
             676.00,1062.00 658.00,1054.00 658.00,1054.00
             658.00,1054.00 658.00,950.00 658.00,950.00
             658.00,950.00 660.23,950.00 660.23,950.00 Z" />
</svg>
<?xml version="1.0" encoding="UTF-8" standalone="no"?>
<!DOCTYPE svg PUBLIC "-//W3C//DTD SVG 20010904//EN"
              "http://www.w3.org/TR/2001/REC-SVG-20010904/DTD/svg10.dtd">

<svg xmlns="http://www.w3.org/2000/svg"
     width="19.0833in" height="18in"
     viewBox="0 0 1374 1296">
  <path id="Selection #9"
        fill="none" stroke="black" stroke-width="1"
        d="M 651.07,1064.13
           C 656.04,1063.73 665.31,1069.42 670.00,1071.77
             670.00,1071.77 714.00,1094.00 714.00,1094.00
             714.00,1094.00 714.00,1096.00 714.00,1096.00
             714.00,1096.00 702.01,1102.27 702.01,1102.27
             702.01,1102.27 695.99,1106.22 695.99,1106.22
             695.99,1106.22 684.01,1112.27 684.01,1112.27
             680.07,1114.53 673.67,1119.77 669.00,1119.77
             664.13,1119.77 657.41,1114.12 653.20,1111.84
             653.20,1111.84 620.01,1092.22 620.01,1092.22
             614.81,1089.34 614.65,1087.61 608.00,1086.00
             608.00,1086.00 608.00,1082.00 608.00,1082.00
             608.00,1082.00 651.07,1064.13 651.07,1064.13 Z" />
</svg>
<?xml version="1.0" encoding="UTF-8" standalone="no"?>
<!DOCTYPE svg PUBLIC "-//W3C//DTD SVG 20010904//EN"
              "http://www.w3.org/TR/2001/REC-SVG-20010904/DTD/svg10.dtd">

<svg xmlns="http://www.w3.org/2000/svg"
     width="19.0833in" height="18in"
     viewBox="0 0 1374 1296">
  <path id="Selection #10"
        fill="none" stroke="black" stroke-width="1"
        d="M 630.43,242.92
           C 634.21,244.52 641.21,246.36 644.14,249.24
             646.43,251.47 646.00,255.06 646.00,258.00
             646.00,258.00 646.00,416.00 646.00,416.00
             646.00,416.00 646.00,905.00 646.00,905.00
             646.00,905.00 646.00,1044.00 646.00,1044.00
             646.00,1046.51 646.30,1050.07 644.72,1052.15
             643.30,1054.00 634.95,1057.76 632.40,1059.03
             632.40,1059.03 617.61,1065.45 617.61,1065.45
             617.61,1065.45 600.00,1074.00 600.00,1074.00
             600.00,1074.00 600.00,230.00 600.00,230.00
             609.48,230.27 621.42,239.12 630.43,242.92 Z" />
</svg>
<?xml version="1.0" encoding="UTF-8" standalone="no"?>
<!DOCTYPE svg PUBLIC "-//W3C//DTD SVG 20010904//EN"
              "http://www.w3.org/TR/2001/REC-SVG-20010904/DTD/svg10.dtd">

<svg xmlns="http://www.w3.org/2000/svg"
     width="19.0833in" height="18in"
     viewBox="0 0 1374 1296">
  <path id="Selection #11"
        fill="none" stroke="black" stroke-width="1"
        d="M 750.00,1145.77
           C 750.00,1145.77 766.77,1154.22 766.77,1154.22
             772.93,1157.85 778.90,1162.28 786.00,1164.00
             786.00,1164.00 786.00,1168.00 786.00,1168.00
             781.38,1169.24 777.50,1172.71 773.53,1175.33
             773.53,1175.33 749.23,1190.72 749.23,1190.72
             743.51,1194.42 741.08,1197.79 734.00,1198.00
             734.00,1198.00 734.00,1140.00 734.00,1140.00
             740.76,1140.19 744.10,1142.82 750.00,1145.77 Z" />
</svg>
<?xml version="1.0" encoding="UTF-8" standalone="no"?>
<!DOCTYPE svg PUBLIC "-//W3C//DTD SVG 20010904//EN"
              "http://www.w3.org/TR/2001/REC-SVG-20010904/DTD/svg10.dtd">

<svg xmlns="http://www.w3.org/2000/svg"
     width="19.0833in" height="18in"
     viewBox="0 0 1374 1296">
  <path id="Selection #15"
        fill="none" stroke="black" stroke-width="1"
        d="M 618.77,213.28
           C 618.77,213.28 624.01,209.78 624.01,209.78
             624.01,209.78 636.77,203.28 636.77,203.28
             643.25,199.26 656.74,190.94 664.00,190.00
             664.10,198.27 665.33,196.20 666.07,201.09
             666.07,201.09 666.07,208.91 666.07,208.91
             666.07,208.91 667.76,214.17 667.76,214.17
             668.62,219.02 666.75,221.59 670.00,226.00
             670.00,226.00 670.00,228.00 670.00,228.00
             665.19,230.75 656.05,237.44 650.93,237.87
             646.43,238.24 640.82,234.64 636.80,232.63
             636.80,232.63 610.00,220.00 610.00,220.00
             610.00,220.00 610.00,218.00 610.00,218.00
             610.00,218.00 618.77,213.28 618.77,213.28 Z" />
</svg>
<?xml version="1.0" encoding="UTF-8" standalone="no"?>
<!DOCTYPE svg PUBLIC "-//W3C//DTD SVG 20010904//EN"
              "http://www.w3.org/TR/2001/REC-SVG-20010904/DTD/svg10.dtd">

<svg xmlns="http://www.w3.org/2000/svg"
     width="19.0833in" height="18in"
     viewBox="0 0 1374 1296">
  <path id="Path #15"
        fill="none" stroke="black" stroke-width="1"
        d="M 1041.25,801.75
           C 1041.25,801.75 1127.25,810.75 1127.25,810.75
             1127.25,810.75 1040.75,848.00 1040.75,848.00
             1040.75,848.00 1041.25,801.75 1041.25,801.75 Z" />
</svg>
<?xml version="1.0" encoding="UTF-8" standalone="no"?>
<!DOCTYPE svg PUBLIC "-//W3C//DTD SVG 20010904//EN"
              "http://www.w3.org/TR/2001/REC-SVG-20010904/DTD/svg10.dtd">

<svg xmlns="http://www.w3.org/2000/svg"
     width="19.0833in" height="18in"
     viewBox="0 0 1374 1296">
  <path id="Selection #13"
        fill="none" stroke="black" stroke-width="1"
        d="M 847.88,194.00
           C 847.88,194.00 847.88,205.83 847.88,205.83
             847.88,205.83 846.00,215.00 846.00,215.00
             846.00,215.00 844.06,230.04 844.06,230.04
             844.06,230.04 844.06,240.00 844.06,240.00
             844.06,240.00 842.00,255.00 842.00,255.00
             842.00,255.00 839.94,273.00 839.94,273.00
             839.94,273.00 839.94,282.91 839.94,282.91
             839.94,282.91 838.13,289.09 838.13,289.09
             838.13,289.09 838.13,300.00 838.13,300.00
             838.13,300.00 836.00,315.00 836.00,315.00
             836.00,315.00 833.94,331.00 833.94,331.00
             833.94,331.00 833.94,340.91 833.94,340.91
             833.94,340.91 832.13,347.09 832.13,347.09
             832.13,347.09 832.13,358.00 832.13,358.00
             832.13,358.00 829.94,371.00 829.94,371.00
             829.94,371.00 829.94,380.91 829.94,380.91
             829.94,380.91 828.00,396.00 828.00,396.00
             828.00,396.00 825.94,409.00 825.94,409.00
             825.94,409.00 825.94,418.91 825.94,418.91
             825.94,418.91 824.13,425.09 824.13,425.09
             824.13,425.09 824.13,436.00 824.13,436.00
             824.13,436.00 822.00,454.00 822.00,454.00
             822.00,454.00 820.00,471.00 820.00,471.00
             820.00,471.00 818.00,489.00 818.00,489.00
             818.00,489.00 816.06,504.04 816.06,504.04
             816.06,504.04 816.06,514.00 816.06,514.00
             816.06,514.00 814.00,529.00 814.00,529.00
             814.00,529.00 811.94,547.00 811.94,547.00
             811.94,547.00 811.94,556.91 811.94,556.91
             811.94,556.91 810.23,562.17 810.23,562.17
             810.23,562.17 810.23,574.00 810.23,574.00
             810.23,574.00 808.00,574.00 808.00,574.00
             808.00,574.00 805.94,552.00 805.94,552.00
             805.94,552.00 805.94,538.04 805.94,538.04
             805.94,538.04 803.94,526.00 803.94,526.00
             803.94,526.00 803.94,514.04 803.94,514.04
             803.94,514.04 802.06,506.91 802.06,506.91
             802.06,506.91 802.06,493.00 802.06,493.00
             802.06,493.00 799.94,477.00 799.94,477.00
             799.94,477.00 799.94,462.04 799.94,462.04
             799.94,462.04 797.94,450.00 797.94,450.00
             797.94,450.00 797.94,438.04 797.94,438.04
             797.94,438.04 796.06,430.91 796.06,430.91
             796.06,430.91 796.06,415.00 796.06,415.00
             796.06,415.00 793.94,401.00 793.94,401.00
             793.94,401.00 793.94,388.04 793.94,388.04
             793.94,388.04 792.06,380.91 792.06,380.91
             792.06,380.91 792.06,367.00 792.06,367.00
             792.06,367.00 789.94,350.00 789.94,350.00
             789.94,350.00 789.94,336.04 789.94,336.04
             789.94,336.04 787.94,324.00 787.94,324.00
             787.94,324.00 787.94,312.04 787.94,312.04
             787.94,312.04 785.94,300.00 785.94,300.00
             785.94,300.00 785.94,286.04 785.94,286.04
             785.94,286.04 784.06,278.91 784.06,278.91
             784.06,278.91 784.06,263.00 784.06,263.00
             784.06,263.00 781.94,250.00 781.94,250.00
             781.94,250.00 781.94,236.04 781.94,236.04
             781.94,236.04 780.00,224.00 780.00,224.00
             780.00,224.00 807.20,212.17 807.20,212.17
             807.20,212.17 815.57,208.92 815.57,208.92
             815.57,208.92 827.60,202.97 827.60,202.97
             827.60,202.97 846.00,194.00 846.00,194.00
             846.00,194.00 847.88,194.00 847.88,194.00 Z" />
</svg>
<?xml version="1.0" encoding="UTF-8" standalone="no"?>
<!DOCTYPE svg PUBLIC "-//W3C//DTD SVG 20010904//EN"
              "http://www.w3.org/TR/2001/REC-SVG-20010904/DTD/svg10.dtd">

<svg xmlns="http://www.w3.org/2000/svg"
     width="19.0833in" height="18in"
     viewBox="0 0 1374 1296">
  <path id="Selection #14"
        fill="none" stroke="black" stroke-width="1"
        d="M 798.48,158.77
           C 798.48,158.77 821.52,174.68 821.52,174.68
             821.52,174.68 836.00,184.00 836.00,184.00
             833.58,188.80 826.31,191.09 821.60,193.43
             821.60,193.43 812.43,197.08 812.43,197.08
             812.43,197.08 800.39,202.98 800.39,202.98
             800.39,202.98 794.43,205.08 794.43,205.08
             794.43,205.08 780.00,212.00 780.00,212.00
             780.00,212.00 777.94,199.00 777.94,199.00
             777.94,199.00 777.94,186.04 777.94,186.04
             777.94,186.04 776.06,178.91 776.06,178.91
             776.06,178.91 776.06,165.00 776.06,165.00
             776.06,165.00 774.06,152.91 774.06,152.91
             774.06,152.91 774.06,142.00 774.06,142.00
             774.06,142.00 798.48,158.77 798.48,158.77 Z" />
</svg>
