<?xml version="1.0" encoding="UTF-8" standalone="no"?>
<!DOCTYPE svg PUBLIC "-//W3C//DTD SVG 20010904//EN"
              "http://www.w3.org/TR/2001/REC-SVG-20010904/DTD/svg10.dtd">

<svg xmlns="http://www.w3.org/2000/svg"
     width="19.0833in" height="18in"
     viewBox="0 0 1374 1296">
  <path id="Selection #3"
        fill="none" stroke="black" stroke-width="1"
        d="M 1053.09,721.93
           C 1053.09,721.93 1062.91,721.93 1062.91,721.93
             1062.91,721.93 1068.17,720.05 1068.17,720.05
             1068.17,720.05 1075.96,720.05 1075.96,720.05
             1075.96,720.05 1083.09,717.99 1083.09,717.99
             1083.09,717.99 1091.96,717.99 1091.96,717.99
             1091.96,717.99 1099.09,715.99 1099.09,715.99
             1099.09,715.99 1107.96,715.99 1107.96,715.99
             1107.96,715.99 1114.17,714.05 1114.17,714.05
             1114.17,714.05 1121.96,714.05 1121.96,714.05
             1121.96,714.05 1138.00,712.00 1138.00,712.00
             1138.00,712.00 1138.00,799.94 1138.00,799.94
             1138.00,799.94 1127.09,799.94 1127.09,799.94
             1127.09,799.94 1113.00,798.00 1113.00,798.00
             1113.00,798.00 1097.00,796.00 1097.00,796.00
             1097.00,796.00 1083.96,793.95 1083.96,793.95
             1083.96,793.95 1074.17,793.95 1074.17,793.95
             1074.17,793.95 1065.00,791.94 1065.00,791.94
             1065.00,791.94 1057.09,791.94 1057.09,791.94
             1057.09,791.94 1042.00,790.00 1042.00,790.00
             1042.00,790.00 1042.00,724.00 1042.00,724.00
             1042.00,724.00 1053.09,721.93 1053.09,721.93 Z" />
</svg>
