<?xml version="1.0" encoding="UTF-8" standalone="no"?>
<!DOCTYPE svg PUBLIC "-//W3C//DTD SVG 20010904//EN"
              "http://www.w3.org/TR/2001/REC-SVG-20010904/DTD/svg10.dtd">

<svg xmlns="http://www.w3.org/2000/svg"
     width="19.0833in" height="18in"
     viewBox="0 0 1374 1296">
  <path id="Selection #5"
        fill="none" stroke="black" stroke-width="1"
        d="M 916.00,336.00
           C 916.00,336.00 916.00,1084.00 916.00,1084.00
             907.67,1083.77 896.71,1077.80 888.73,1074.73
             888.73,1074.73 850.43,1059.32 850.43,1059.32
             850.43,1059.32 826.00,1050.00 826.00,1050.00
             826.00,1050.00 828.05,1039.96 828.05,1039.96
             828.05,1039.96 828.05,1030.17 828.05,1030.17
             828.05,1030.17 829.99,1023.96 829.99,1023.96
             829.99,1023.96 829.99,1015.09 829.99,1015.09
             829.99,1015.09 831.99,1007.96 831.99,1007.96
             831.99,1007.96 831.99,999.09 831.99,999.09
             831.99,999.09 833.99,991.96 833.99,991.96
             833.99,991.96 833.99,983.09 833.99,983.09
             833.99,983.09 835.99,975.96 835.99,975.96
             835.99,975.96 835.99,967.09 835.99,967.09
             835.99,967.09 837.99,959.96 837.99,959.96
             837.99,959.96 837.99,951.09 837.99,951.09
             837.99,951.09 839.99,944.91 839.99,944.91
             839.99,944.91 839.99,934.17 839.99,934.17
             839.99,934.17 842.05,927.96 842.05,927.96
             842.05,927.96 842.05,918.17 842.05,918.17
             842.05,918.17 843.77,913.83 843.77,913.83
             843.77,913.83 843.77,904.00 843.77,904.00
             843.77,904.00 846.05,893.96 846.05,893.96
             846.05,893.96 846.05,884.17 846.05,884.17
             846.05,884.17 847.99,877.96 847.99,877.96
             847.99,877.96 847.99,869.09 847.99,869.09
             847.99,869.09 849.99,861.96 849.99,861.96
             849.99,861.96 849.99,853.09 849.99,853.09
             849.99,853.09 851.99,845.96 851.99,845.96
             851.99,845.96 851.99,837.09 851.99,837.09
             851.99,837.09 853.99,829.96 853.99,829.96
             853.99,829.96 853.99,821.09 853.99,821.09
             853.99,821.09 855.99,813.96 855.99,813.96
             855.99,813.96 855.99,805.09 855.99,805.09
             855.99,805.09 857.99,797.96 857.99,797.96
             857.99,797.96 857.99,789.09 857.99,789.09
             857.99,789.09 859.99,781.96 859.99,781.96
             859.99,781.96 859.99,773.09 859.99,773.09
             859.99,773.09 861.99,765.96 861.99,765.96
             861.99,765.96 861.99,757.09 861.99,757.09
             861.99,757.09 863.99,750.91 863.99,750.91
             863.99,750.91 863.99,740.17 863.99,740.17
             863.99,740.17 866.05,733.96 866.05,733.96
             866.05,733.96 866.05,724.17 866.05,724.17
             866.05,724.17 867.77,719.83 867.77,719.83
             867.77,719.83 867.77,710.00 867.77,710.00
             867.77,710.00 870.05,699.96 870.05,699.96
             870.05,699.96 870.05,690.17 870.05,690.17
             870.05,690.17 871.99,683.96 871.99,683.96
             871.99,683.96 871.99,675.09 871.99,675.09
             871.99,675.09 873.99,667.96 873.99,667.96
             873.99,667.96 873.99,659.09 873.99,659.09
             873.99,659.09 875.99,651.96 875.99,651.96
             875.99,651.96 875.99,643.09 875.99,643.09
             875.99,643.09 877.99,635.96 877.99,635.96
             877.99,635.96 877.99,627.09 877.99,627.09
             877.99,627.09 879.99,619.96 879.99,619.96
             879.99,619.96 879.99,611.09 879.99,611.09
             879.99,611.09 881.99,603.96 881.99,603.96
             881.99,603.96 881.99,595.09 881.99,595.09
             881.99,595.09 883.99,587.96 883.99,587.96
             883.99,587.96 883.99,579.09 883.99,579.09
             883.99,579.09 886.05,571.96 886.05,571.96
             886.05,571.96 886.05,562.17 886.05,562.17
             886.05,562.17 888.05,555.96 888.05,555.96
             888.05,555.96 888.05,546.17 888.05,546.17
             888.05,546.17 889.99,539.96 889.99,539.96
             889.99,539.96 889.99,531.09 889.99,531.09
             889.99,531.09 892.00,521.00 892.00,521.00
             892.00,521.00 893.99,505.96 893.99,505.96
             893.99,505.96 893.99,497.09 893.99,497.09
             893.99,497.09 895.99,489.96 895.99,489.96
             895.99,489.96 895.99,481.09 895.99,481.09
             895.99,481.09 897.99,473.96 897.99,473.96
             897.99,473.96 897.99,465.09 897.99,465.09
             897.99,465.09 899.99,457.96 899.99,457.96
             899.99,457.96 899.99,449.09 899.99,449.09
             899.99,449.09 901.99,441.96 901.99,441.96
             901.99,441.96 901.99,433.09 901.99,433.09
             901.99,433.09 903.99,425.96 903.99,425.96
             903.99,425.96 903.99,417.09 903.99,417.09
             903.99,417.09 905.93,410.91 905.93,410.91
             905.93,410.91 905.93,401.09 905.93,401.09
             905.93,401.09 907.99,394.91 907.99,394.91
             907.99,394.91 907.99,384.17 907.99,384.17
             907.99,384.17 910.05,377.96 910.05,377.96
             910.05,377.96 910.05,368.17 910.05,368.17
             910.05,368.17 911.99,361.96 911.99,361.96
             911.99,361.96 911.99,353.09 911.99,353.09
             911.99,353.09 913.77,347.83 913.77,347.83
             913.77,347.83 913.77,336.00 913.77,336.00
             913.77,336.00 916.00,336.00 916.00,336.00 Z" />
</svg>
