<?xml version="1.0" encoding="UTF-8" standalone="no"?>
<!DOCTYPE svg PUBLIC "-//W3C//DTD SVG 20010904//EN"
              "http://www.w3.org/TR/2001/REC-SVG-20010904/DTD/svg10.dtd">

<svg xmlns="http://www.w3.org/2000/svg"
     width="19.0833in" height="18in"
     viewBox="0 0 1374 1296">
  <path id="Selection #6"
        fill="none" stroke="black" stroke-width="1"
        d="M 828.00,1062.00
           C 828.00,1062.00 848.39,1071.02 848.39,1071.02
             848.39,1071.02 900.00,1092.00 900.00,1092.00
             900.00,1092.00 900.00,1094.00 900.00,1094.00
             900.00,1094.00 888.47,1101.22 888.47,1101.22
             888.47,1101.22 845.53,1129.32 845.53,1129.32
             845.53,1129.32 839.23,1132.72 839.23,1132.72
             833.22,1136.45 820.08,1147.13 814.00,1148.00
             814.00,1148.00 816.05,1137.96 816.05,1137.96
             816.05,1137.96 816.05,1128.17 816.05,1128.17
             816.05,1128.17 817.99,1121.96 817.99,1121.96
             817.99,1121.96 817.99,1113.09 817.99,1113.09
             817.99,1113.09 819.99,1105.96 819.99,1105.96
             819.99,1105.96 819.99,1095.09 819.99,1095.09
             819.99,1095.09 821.89,1088.91 821.89,1088.91
             821.89,1088.91 821.89,1080.04 821.89,1080.04
             821.89,1080.04 824.46,1065.30 824.46,1065.30
             824.46,1065.30 826.00,1062.00 826.00,1062.00
             826.00,1062.00 828.00,1062.00 828.00,1062.00 Z" />
</svg>
