<?xml version="1.0" encoding="UTF-8" standalone="no"?>
<!DOCTYPE svg PUBLIC "-//W3C//DTD SVG 20010904//EN"
              "http://www.w3.org/TR/2001/REC-SVG-20010904/DTD/svg10.dtd">

<svg xmlns="http://www.w3.org/2000/svg"
     width="19.0833in" height="18in"
     viewBox="0 0 1374 1296">
  <path id="Selection #19"
        fill="none" stroke="black" stroke-width="1"
        d="M 300.00,674.00
           C 300.00,674.00 316.00,676.00 316.00,676.00
             316.00,676.00 338.00,676.00 338.00,676.00
             338.00,676.00 338.00,787.00 338.00,787.00
             338.00,787.00 340.00,802.00 340.00,802.00
             340.00,802.00 340.00,964.00 340.00,964.00
             340.00,964.00 324.72,967.58 324.72,967.58
             324.72,967.58 290.16,976.46 290.16,976.46
             290.16,976.46 274.00,980.00 274.00,980.00
             274.00,980.00 270.00,980.00 270.00,980.00
             270.00,980.00 270.00,674.00 270.00,674.00
             270.00,674.00 300.00,674.00 300.00,674.00 Z" />
</svg>
