<?xml version="1.0" encoding="UTF-8" standalone="no"?>
<!DOCTYPE svg PUBLIC "-//W3C//DTD SVG 20010904//EN"
              "http://www.w3.org/TR/2001/REC-SVG-20010904/DTD/svg10.dtd">

<svg xmlns="http://www.w3.org/2000/svg"
     width="19.0833in" height="18in"
     viewBox="0 0 1374 1296">
  <path id="Selection #16"
        fill="none" stroke="black" stroke-width="1"
        d="M 432.00,324.00
           C 436.61,327.50 445.10,328.95 450.72,330.42
             450.72,330.42 473.07,337.75 473.07,337.75
             476.80,338.58 489.41,341.41 491.18,344.56
             492.19,346.36 492.00,349.92 492.00,352.00
             492.00,352.00 492.00,729.00 492.00,729.00
             492.00,729.00 492.00,866.00 492.00,866.00
             492.00,866.00 492.00,934.00 492.00,934.00
             491.88,942.14 490.02,938.46 490.00,949.00
             490.00,949.00 490.00,958.00 490.00,958.00
             490.00,958.00 474.72,961.58 474.72,961.58
             474.72,961.58 448.16,968.46 448.16,968.46
             448.16,968.46 428.00,974.00 428.00,974.00
             428.00,974.00 428.00,506.00 428.00,506.00
             428.00,506.00 428.00,377.00 428.00,377.00
             428.00,377.00 428.00,342.00 428.00,342.00
             428.00,335.78 427.05,329.62 430.00,324.00
             430.00,324.00 432.00,324.00 432.00,324.00 Z" />
</svg>
