<?xml version="1.0" encoding="UTF-8" standalone="no"?>
<!DOCTYPE svg PUBLIC "-//W3C//DTD SVG 20010904//EN"
              "http://www.w3.org/TR/2001/REC-SVG-20010904/DTD/svg10.dtd">

<svg xmlns="http://www.w3.org/2000/svg"
     width="19.0833in" height="18in"
     viewBox="0 0 1374 1296">
  <path id="Selection #23"
        fill="none" stroke="black" stroke-width="1"
        d="M 281.84,527.54
           C 281.84,527.54 303.84,521.54 303.84,521.54
             303.84,521.54 313.28,518.42 313.28,518.42
             313.28,518.42 328.42,514.66 328.42,514.66
             332.70,513.22 346.58,510.37 348.69,507.43
             350.25,505.24 349.99,501.60 350.00,499.00
             350.00,499.00 350.00,300.00 350.00,300.00
             350.00,297.26 349.71,294.16 351.25,291.76
             353.00,289.04 356.47,287.72 358.97,285.62
             358.97,285.62 377.52,272.77 377.52,272.77
             377.52,272.77 384.77,267.28 384.77,267.28
             384.77,267.28 395.74,259.20 395.74,259.20
             395.74,259.20 405.52,252.77 405.52,252.77
             405.52,252.77 410.48,248.68 410.48,248.68
             410.48,248.68 439.52,228.77 439.52,228.77
             439.52,228.77 443.74,225.20 443.74,225.20
             443.74,225.20 453.52,218.77 453.52,218.77
             453.52,218.77 458.48,214.68 458.48,214.68
             458.48,214.68 487.52,194.77 487.52,194.77
             487.52,194.77 491.74,191.20 491.74,191.20
             491.74,191.20 501.53,184.78 501.53,184.78
             501.53,184.78 512.48,176.68 512.48,176.68
             512.48,176.68 521.52,170.77 521.52,170.77
             521.52,170.77 525.74,167.20 525.74,167.20
             525.74,167.20 535.52,160.77 535.52,160.77
             535.52,160.77 540.48,156.68 540.48,156.68
             540.48,156.68 587.74,123.20 587.74,123.20
             587.74,123.20 597.53,116.78 597.53,116.78
             597.53,116.78 608.48,108.68 608.48,108.68
             608.48,108.68 617.52,102.77 617.52,102.77
             617.52,102.77 621.74,99.20 621.74,99.20
             621.74,99.20 631.52,92.77 631.52,92.77
             631.52,92.77 636.48,88.68 636.48,88.68
             636.48,88.68 651.52,78.77 651.52,78.77
             655.73,75.74 662.93,68.86 668.13,68.28
             672.26,67.82 678.60,73.74 681.74,76.22
             681.74,76.22 691.52,82.68 691.52,82.68
             691.52,82.68 696.48,86.77 696.48,86.77
             696.48,86.77 708.47,94.78 708.47,94.78
             708.47,94.78 730.48,110.77 730.48,110.77
             730.48,110.77 749.74,124.22 749.74,124.22
             758.66,131.23 761.94,128.67 762.00,139.00
             762.00,139.00 762.00,145.00 762.00,145.00
             762.14,153.09 763.98,149.53 764.06,160.00
             764.06,160.00 764.06,173.96 764.06,173.96
             764.79,179.45 765.98,176.32 766.06,186.00
             766.06,186.00 766.06,197.96 766.06,197.96
             766.06,197.96 767.94,205.09 767.94,205.09
             767.94,205.09 767.94,219.00 767.94,219.00
             768.02,229.54 769.88,225.86 770.06,234.00
             770.06,234.00 770.06,247.96 770.06,247.96
             770.79,253.45 771.98,250.32 772.06,260.00
             772.06,260.00 772.06,273.96 772.06,273.96
             772.06,273.96 773.94,281.09 773.94,281.09
             773.94,281.09 773.94,297.00 773.94,297.00
             774.14,304.90 775.95,301.96 776.06,311.00
             776.06,311.00 776.06,323.96 776.06,323.96
             776.06,323.96 777.94,331.09 777.94,331.09
             777.94,331.09 777.94,347.00 777.94,347.00
             778.14,354.90 779.95,351.96 780.06,361.00
             780.06,361.00 780.06,375.96 780.06,375.96
             780.06,375.96 781.94,383.09 781.94,383.09
             781.94,383.09 781.94,397.00 781.94,397.00
             782.14,405.09 783.98,401.53 784.06,412.00
             784.06,412.00 784.06,425.96 784.06,425.96
             784.79,431.45 785.98,428.32 786.06,438.00
             786.06,438.00 786.06,449.96 786.06,449.96
             786.79,455.45 787.98,452.32 788.06,462.00
             788.06,462.00 788.06,475.96 788.06,475.96
             788.06,475.96 789.94,483.09 789.94,483.09
             789.94,483.09 789.94,499.00 789.94,499.00
             790.12,505.70 791.38,504.70 791.94,509.09
             791.94,509.09 791.94,522.00 791.94,522.00
             792.06,531.13 793.88,528.03 794.00,536.00
             794.00,536.00 794.00,548.00 794.00,548.00
             794.05,556.15 795.33,554.24 795.94,559.09
             795.94,559.09 795.94,573.00 795.94,573.00
             796.02,584.09 797.98,578.89 798.06,590.00
             798.06,590.00 798.06,601.96 798.06,601.96
             798.06,601.96 799.94,609.09 799.94,609.09
             799.94,609.09 799.94,623.00 799.94,623.00
             800.02,632.64 801.28,629.81 801.94,635.09
             801.94,635.09 801.94,646.00 801.94,646.00
             801.94,646.00 814.00,646.00 814.00,646.00
             814.00,646.00 816.06,629.00 816.06,629.00
             816.06,629.00 816.06,619.09 816.06,619.09
             816.06,619.09 818.00,604.00 818.00,604.00
             818.00,604.00 820.06,589.00 820.06,589.00
             820.06,589.00 820.06,579.09 820.06,579.09
             820.06,579.09 822.00,565.00 822.00,565.00
             822.00,565.00 824.12,551.00 824.12,551.00
             824.12,551.00 824.12,540.17 824.12,540.17
             824.12,540.17 826.00,529.00 826.00,529.00
             826.00,529.00 828.06,511.00 828.06,511.00
             828.06,511.00 828.06,501.09 828.06,501.09
             828.06,501.09 830.00,485.00 830.00,485.00
             830.00,485.00 832.00,469.00 832.00,469.00
             832.00,469.00 834.06,453.00 834.06,453.00
             834.06,453.00 834.06,443.09 834.06,443.09
             834.06,443.09 836.00,427.00 836.00,427.00
             836.00,427.00 838.12,413.00 838.12,413.00
             838.12,413.00 838.12,402.17 838.12,402.17
             838.12,402.17 840.00,391.00 840.00,391.00
             840.00,391.00 841.94,377.96 841.94,377.96
             841.94,377.96 841.94,370.00 841.94,370.00
             841.94,370.00 843.94,357.96 843.94,357.96
             843.94,357.96 843.94,348.00 843.94,348.00
             843.94,348.00 845.87,338.91 845.87,338.91
             845.87,338.91 845.87,328.00 845.87,328.00
             845.87,328.00 848.06,315.00 848.06,315.00
             848.06,315.00 848.06,305.09 848.06,305.09
             848.06,305.09 850.00,290.00 850.00,290.00
             850.00,290.00 852.06,277.00 852.06,277.00
             852.06,277.00 852.06,267.09 852.06,267.09
             852.06,267.09 853.87,260.91 853.87,260.91
             853.87,260.91 853.87,250.00 853.87,250.00
             853.87,250.00 856.12,237.00 856.12,237.00
             856.12,237.00 856.12,226.17 856.12,226.17
             856.12,226.17 857.94,219.96 857.94,219.96
             857.94,219.96 857.94,204.00 857.94,204.00
             859.99,204.06 861.61,203.95 863.49,204.81
             863.49,204.81 886.47,220.78 886.47,220.78
             886.47,220.78 894.48,226.77 894.48,226.77
             894.48,226.77 907.03,235.62 907.03,235.62
             908.89,237.18 912.16,238.68 913.18,240.55
             915.50,244.83 913.52,251.81 912.46,256.17
             912.46,256.17 911.89,266.91 911.89,266.91
             911.89,266.91 909.91,275.01 909.91,275.01
             909.91,275.01 909.91,283.83 909.91,283.83
             909.91,283.83 907.95,290.04 907.95,290.04
             907.95,290.04 907.95,299.83 907.95,299.83
             907.95,299.83 905.95,306.04 905.95,306.04
             905.95,306.04 905.95,315.83 905.95,315.83
             905.95,315.83 904.01,322.04 904.01,322.04
             904.01,322.04 904.01,330.91 904.01,330.91
             904.01,330.91 902.01,338.04 902.01,338.04
             902.01,338.04 902.01,346.91 902.01,346.91
             902.01,346.91 900.01,354.04 900.01,354.04
             900.01,354.04 900.01,362.91 900.01,362.91
             900.01,362.91 898.07,369.09 898.07,369.09
             898.07,369.09 898.07,378.91 898.07,378.91
             897.38,383.30 896.12,382.30 896.00,389.00
             895.77,402.90 894.99,396.84 893.95,404.04
             893.95,404.04 893.95,413.83 893.95,413.83
             893.95,413.83 892.01,420.04 892.01,420.04
             892.01,420.04 892.01,428.91 892.01,428.91
             892.01,428.91 890.01,436.04 890.01,436.04
             890.01,436.04 890.01,444.91 890.01,444.91
             890.01,444.91 888.01,452.04 888.01,452.04
             888.01,452.04 888.01,460.91 888.01,460.91
             888.01,460.91 886.01,468.04 886.01,468.04
             886.01,468.04 886.01,476.91 886.01,476.91
             886.01,476.91 884.01,484.04 884.01,484.04
             884.01,484.04 884.01,492.91 884.01,492.91
             884.01,492.91 882.01,500.04 882.01,500.04
             882.01,500.04 882.01,508.91 882.01,508.91
             882.01,508.91 880.01,516.04 880.01,516.04
             880.01,516.04 880.01,524.91 880.01,524.91
             880.01,524.91 878.01,532.04 878.01,532.04
             878.01,532.04 878.01,540.91 878.01,540.91
             878.01,540.91 876.01,548.04 876.01,548.04
             876.01,548.04 876.01,556.91 876.01,556.91
             876.01,556.91 874.01,564.04 874.01,564.04
             874.01,564.04 874.01,572.91 874.01,572.91
             873.38,577.30 872.12,576.30 872.00,583.00
             871.77,596.90 870.99,590.84 869.95,598.04
             869.95,598.04 869.95,607.83 869.95,607.83
             869.95,607.83 868.01,614.04 868.01,614.04
             868.01,614.04 868.01,622.91 868.01,622.91
             868.01,622.91 866.01,630.04 866.01,630.04
             866.01,630.04 866.01,638.91 866.01,638.91
             866.01,638.91 864.01,646.04 864.01,646.04
             864.01,646.04 864.01,654.91 864.01,654.91
             864.01,654.91 862.01,662.04 862.01,662.04
             862.01,662.04 862.01,670.91 862.01,670.91
             862.01,670.91 860.01,678.04 860.01,678.04
             860.01,678.04 860.01,686.91 860.01,686.91
             860.01,686.91 858.01,694.04 858.01,694.04
             858.01,694.04 858.01,702.91 858.01,702.91
             858.01,702.91 856.01,710.04 856.01,710.04
             856.01,710.04 856.01,718.91 856.01,718.91
             856.01,718.91 854.01,726.04 854.01,726.04
             854.01,726.04 854.01,734.91 854.01,734.91
             854.01,734.91 852.01,742.04 852.01,742.04
             852.01,742.04 852.01,750.91 852.01,750.91
             852.01,750.91 850.07,757.09 850.07,757.09
             850.07,757.09 850.07,766.91 850.07,766.91
             849.38,771.30 848.12,770.30 848.00,777.00
             847.77,790.90 846.99,784.84 846.01,792.04
             846.01,792.04 846.01,800.91 846.01,800.91
             846.01,800.91 844.01,807.09 844.01,807.09
             844.01,807.09 844.01,817.83 844.01,817.83
             844.01,817.83 842.01,824.04 842.01,824.04
             842.01,824.04 842.01,832.91 842.01,832.91
             842.01,832.91 840.07,839.09 840.07,839.09
             840.07,839.09 840.07,848.91 840.07,848.91
             840.07,848.91 838.01,856.04 838.01,856.04
             838.01,856.04 838.01,864.91 838.01,864.91
             838.01,864.91 836.01,872.04 836.01,872.04
             836.01,872.04 836.01,880.91 836.01,880.91
             836.01,880.91 834.01,888.04 834.01,888.04
             834.01,888.04 834.01,896.91 834.01,896.91
             834.01,896.91 832.01,904.04 832.01,904.04
             832.01,904.04 832.01,912.91 832.01,912.91
             832.01,912.91 830.01,920.04 830.01,920.04
             830.01,920.04 830.01,928.91 830.01,928.91
             830.01,928.91 828.01,936.04 828.01,936.04
             828.01,936.04 828.01,944.91 828.01,944.91
             827.38,949.30 826.12,948.30 826.00,955.00
             825.77,968.90 824.99,962.84 824.01,970.04
             824.01,970.04 824.01,978.91 824.01,978.91
             824.01,978.91 822.01,986.04 822.01,986.04
             822.01,986.04 822.01,994.91 822.01,994.91
             822.01,994.91 820.01,1002.04 820.01,1002.04
             820.01,1002.04 820.01,1010.91 820.01,1010.91
             820.01,1010.91 818.01,1018.04 818.01,1018.04
             818.01,1018.04 818.01,1026.91 818.01,1026.91
             818.01,1026.91 816.01,1034.04 816.01,1034.04
             816.01,1034.04 816.01,1042.91 816.01,1042.91
             816.01,1042.91 814.01,1050.04 814.01,1050.04
             814.01,1050.04 814.01,1058.91 814.01,1058.91
             814.01,1058.91 811.95,1066.04 811.95,1066.04
             811.95,1066.04 811.95,1075.83 811.95,1075.83
             811.95,1075.83 809.95,1082.04 809.95,1082.04
             809.95,1082.04 809.95,1091.83 809.95,1091.83
             809.95,1091.83 808.01,1098.04 808.01,1098.04
             808.01,1098.04 808.01,1106.91 808.01,1106.91
             807.33,1111.80 806.10,1109.73 806.00,1118.00
             806.00,1118.00 804.00,1118.00 804.00,1118.00
             804.00,1118.00 801.93,1102.91 801.93,1102.91
             801.93,1102.91 801.93,1095.09 801.93,1095.09
             801.93,1095.09 799.93,1088.91 799.93,1088.91
             799.93,1088.91 799.93,1081.09 799.93,1081.09
             799.93,1081.09 797.93,1074.91 797.93,1074.91
             797.93,1074.91 797.93,1065.09 797.93,1065.09
             797.93,1065.09 795.99,1059.83 795.99,1059.83
             795.99,1059.83 795.99,1051.09 795.99,1051.09
             795.99,1051.09 793.99,1045.83 793.99,1045.83
             793.99,1045.83 793.99,1037.09 793.99,1037.09
             793.99,1037.09 792.05,1031.83 792.05,1031.83
             792.05,1031.83 792.05,1024.04 792.05,1024.04
             792.05,1024.04 790.05,1017.83 790.05,1017.83
             790.05,1017.83 790.05,1010.04 790.05,1010.04
             790.05,1010.04 788.05,1003.83 788.05,1003.83
             788.05,1003.83 788.05,994.04 788.05,994.04
             788.05,994.04 785.99,987.83 785.99,987.83
             785.99,987.83 785.99,979.09 785.99,979.09
             785.99,979.09 783.93,972.91 783.93,972.91
             783.93,972.91 783.93,965.09 783.93,965.09
             783.93,965.09 781.99,959.83 781.99,959.83
             781.99,959.83 781.99,951.09 781.99,951.09
             781.99,951.09 780.05,945.83 780.05,945.83
             780.05,945.83 780.05,938.04 780.05,938.04
             780.05,938.04 777.99,930.91 777.99,930.91
             777.99,930.91 777.99,922.04 777.99,922.04
             777.99,922.04 776.05,915.83 776.05,915.83
             776.05,915.83 776.05,908.04 776.05,908.04
             776.05,908.04 774.05,901.83 774.05,901.83
             774.05,901.83 774.05,894.04 774.05,894.04
             774.05,894.04 772.05,887.83 772.05,887.83
             772.05,887.83 772.05,880.04 772.05,880.04
             772.05,880.04 770.05,873.83 770.05,873.83
             770.05,873.83 770.05,866.04 770.05,866.04
             770.05,866.04 768.05,859.83 768.05,859.83
             768.05,859.83 768.05,850.04 768.05,850.04
             768.05,850.04 765.99,843.83 765.99,843.83
             765.99,843.83 765.99,835.09 765.99,835.09
             765.99,835.09 763.93,828.91 763.93,828.91
             763.93,828.91 763.93,821.09 763.93,821.09
             763.93,821.09 761.99,815.83 761.99,815.83
             761.99,815.83 761.99,807.09 761.99,807.09
             761.99,807.09 759.99,800.91 759.99,800.91
             759.99,800.91 759.99,794.04 759.99,794.04
             759.99,794.04 757.99,786.91 757.99,786.91
             757.99,786.91 757.99,778.04 757.99,778.04
             757.99,778.04 756.05,771.83 756.05,771.83
             756.05,771.83 756.05,764.04 756.05,764.04
             756.05,764.04 753.99,757.83 753.99,757.83
             753.99,757.83 753.99,749.09 753.99,749.09
             753.99,749.09 751.93,742.91 751.93,742.91
             751.93,742.91 751.93,735.09 751.93,735.09
             751.93,735.09 749.99,729.83 749.99,729.83
             749.99,729.83 749.99,721.09 749.99,721.09
             749.99,721.09 747.99,714.91 747.99,714.91
             747.99,714.91 747.99,706.04 747.99,706.04
             747.99,706.04 745.99,699.83 745.99,699.83
             745.99,699.83 745.99,691.09 745.99,691.09
             745.99,691.09 743.93,684.91 743.93,684.91
             743.93,684.91 743.93,677.09 743.93,677.09
             743.93,677.09 741.99,671.83 741.99,671.83
             741.99,671.83 741.99,663.09 741.99,663.09
             741.99,663.09 739.99,657.83 739.99,657.83
             739.99,657.83 739.99,647.09 739.99,647.09
             739.99,647.09 737.93,640.91 737.93,640.91
             737.93,640.91 737.93,633.09 737.93,633.09
             737.93,633.09 735.99,627.83 735.99,627.83
             735.99,627.83 735.99,619.09 735.99,619.09
             735.99,619.09 733.99,613.83 733.99,613.83
             733.99,613.83 733.99,605.09 733.99,605.09
             733.99,605.09 731.93,598.91 731.93,598.91
             731.93,598.91 731.93,591.09 731.93,591.09
             731.93,591.09 729.99,584.91 729.99,584.91
             729.99,584.91 729.99,576.04 729.99,576.04
             729.99,576.04 728.05,569.83 728.05,569.83
             728.05,569.83 728.05,562.04 728.05,562.04
             728.05,562.04 726.05,555.83 726.05,555.83
             726.05,555.83 726.05,548.04 726.05,548.04
             726.05,548.04 724.05,541.83 724.05,541.83
             724.05,541.83 724.05,534.04 724.05,534.04
             724.05,534.04 722.05,527.83 722.05,527.83
             722.05,527.83 722.05,520.04 722.05,520.04
             722.05,520.04 720.05,513.83 720.05,513.83
             720.05,513.83 720.05,504.04 720.05,504.04
             720.05,504.04 718.05,497.83 718.05,497.83
             718.05,497.83 718.05,490.04 718.05,490.04
             718.05,490.04 715.99,483.83 715.99,483.83
             715.99,483.83 715.99,475.09 715.99,475.09
             715.99,475.09 713.93,468.91 713.93,468.91
             713.93,468.91 713.93,461.09 713.93,461.09
             713.93,461.09 711.99,455.83 711.99,455.83
             711.99,455.83 711.99,447.09 711.99,447.09
             711.99,447.09 709.99,440.91 709.99,440.91
             709.99,440.91 709.99,432.04 709.99,432.04
             709.99,432.04 707.99,425.83 707.99,425.83
             707.99,425.83 707.99,417.09 707.99,417.09
             707.99,417.09 705.93,410.91 705.93,410.91
             705.93,410.91 705.93,403.09 705.93,403.09
             705.93,403.09 703.99,397.83 703.99,397.83
             703.99,397.83 703.99,389.09 703.99,389.09
             703.99,389.09 702.05,383.83 702.05,383.83
             702.05,383.83 702.05,376.04 702.05,376.04
             702.05,376.04 699.99,368.91 699.99,368.91
             699.99,368.91 699.99,360.04 699.99,360.04
             699.99,360.04 698.05,353.83 698.05,353.83
             698.05,353.83 698.05,346.04 698.05,346.04
             698.05,346.04 696.05,339.83 696.05,339.83
             696.05,339.83 696.05,332.04 696.05,332.04
             696.05,332.04 693.99,325.83 693.99,325.83
             693.99,325.83 693.99,317.09 693.99,317.09
             693.99,317.09 691.93,310.91 691.93,310.91
             691.93,310.91 691.93,303.09 691.93,303.09
             691.93,303.09 689.93,296.91 689.93,296.91
             689.93,296.91 689.93,287.09 689.93,287.09
             689.93,287.09 687.99,281.83 687.99,281.83
             687.99,281.83 687.99,273.09 687.99,273.09
             687.99,273.09 685.99,267.83 685.99,267.83
             685.99,267.83 685.99,259.09 685.99,259.09
             685.99,259.09 683.93,252.91 683.93,252.91
             683.93,252.91 683.93,245.09 683.93,245.09
             683.93,245.09 681.93,238.91 681.93,238.91
             681.93,238.91 681.93,229.09 681.93,229.09
             681.93,229.09 679.93,222.91 679.93,222.91
             679.93,222.91 679.93,215.09 679.93,215.09
             679.93,215.09 677.99,208.91 677.99,208.91
             677.99,208.91 677.99,202.04 677.99,202.04
             677.99,202.04 676.05,195.83 676.05,195.83
             676.05,195.83 676.05,188.04 676.05,188.04
             676.05,188.04 674.00,178.00 674.00,178.00
             669.69,177.87 668.08,178.10 666.00,174.00
             666.00,174.00 664.00,174.00 664.00,174.00
             660.97,178.01 652.92,180.26 648.47,183.22
             648.47,183.22 632.80,191.84 632.80,191.84
             632.80,191.84 625.99,196.22 625.99,196.22
             625.99,196.22 610.01,204.27 610.01,204.27
             603.68,207.90 597.47,213.04 590.00,214.00
             590.00,214.00 590.00,357.00 590.00,357.00
             590.00,357.00 590.00,428.00 590.00,428.00
             590.00,428.00 588.00,443.00 588.00,443.00
             588.00,443.00 588.00,1088.00 588.00,1088.00
             594.03,1088.78 603.71,1095.86 609.23,1099.28
             609.23,1099.28 644.77,1120.22 644.77,1120.22
             648.99,1122.71 657.68,1128.84 662.00,1130.00
             662.00,1130.00 662.00,1238.00 662.00,1238.00
             662.00,1238.00 640.77,1224.72 640.77,1224.72
             640.77,1224.72 634.47,1221.32 634.47,1221.32
             634.47,1221.32 612.77,1206.72 612.77,1206.72
             612.77,1206.72 606.47,1203.32 606.47,1203.32
             606.47,1203.32 584.77,1188.72 584.77,1188.72
             584.77,1188.72 578.47,1185.32 578.47,1185.32
             578.47,1185.32 556.77,1170.72 556.77,1170.72
             556.77,1170.72 550.47,1167.32 550.47,1167.32
             550.47,1167.32 534.77,1156.72 534.77,1156.72
             534.77,1156.72 528.47,1153.32 528.47,1153.32
             528.47,1153.32 506.77,1138.72 506.77,1138.72
             506.77,1138.72 500.47,1135.32 500.47,1135.32
             500.47,1135.32 478.77,1120.72 478.77,1120.72
             478.77,1120.72 472.47,1117.32 472.47,1117.32
             472.47,1117.32 451.53,1103.22 451.53,1103.22
             451.53,1103.22 444.47,1099.32 444.47,1099.32
             444.47,1099.32 423.53,1085.22 423.53,1085.22
             423.53,1085.22 416.47,1081.32 416.47,1081.32
             416.47,1081.32 400.77,1070.72 400.77,1070.72
             400.77,1070.72 394.47,1067.32 394.47,1067.32
             394.47,1067.32 371.99,1052.27 371.99,1052.27
             371.99,1052.27 358.27,1043.75 358.27,1043.75
             358.27,1043.75 352.82,1039.45 352.82,1039.45
             352.82,1039.45 352.00,1032.00 352.00,1032.00
             352.00,1032.00 352.00,901.00 352.00,901.00
             352.00,901.00 350.00,886.00 350.00,886.00
             350.00,886.00 350.00,666.00 350.00,666.00
             336.72,666.00 341.48,664.06 332.00,664.00
             332.00,664.00 308.00,664.00 308.00,664.00
             296.89,663.98 302.09,662.02 291.00,662.00
             282.84,661.98 266.79,663.57 260.00,660.00
             260.00,660.00 260.00,978.00 260.00,978.00
             251.23,977.75 244.63,969.85 237.20,965.84
             237.20,965.84 211.53,949.22 211.53,949.22
             202.81,943.42 198.02,944.47 198.10,932.00
             198.10,932.00 198.10,852.00 198.10,852.00
             198.10,852.00 198.10,479.00 198.10,479.00
             198.10,479.00 198.10,408.00 198.10,408.00
             198.00,406.12 197.89,403.05 198.10,401.32
             200.18,396.35 209.30,391.82 213.52,388.77
             213.52,388.77 235.53,372.78 235.53,372.78
             235.53,372.78 247.52,364.77 247.52,364.77
             252.56,361.14 252.82,358.93 260.00,358.00
             260.00,358.00 260.00,534.00 260.00,534.00
             260.00,534.00 281.84,527.54 281.84,527.54 Z
           M 502.00,260.00
           C 502.00,260.00 479.23,274.22 479.23,274.22
             479.23,274.22 443.23,296.22 443.23,296.22
             435.10,301.02 427.79,307.88 418.00,308.00
             418.00,308.00 418.00,990.00 418.00,990.00
             418.00,990.00 420.00,988.00 420.00,988.00
             420.00,988.00 422.00,988.00 422.00,988.00
             422.00,988.00 431.53,995.22 431.53,995.22
             431.53,995.22 448.77,1006.72 448.77,1006.72
             448.77,1006.72 460.48,1015.32 460.48,1015.32
             460.48,1015.32 486.77,1032.72 486.77,1032.72
             486.77,1032.72 502.00,1042.00 502.00,1042.00
             502.00,1042.00 502.00,683.00 502.00,683.00
             502.00,683.00 502.00,563.00 502.00,563.00
             502.00,563.00 502.00,503.00 502.00,503.00
             502.00,503.00 504.00,488.00 504.00,488.00
             504.00,488.00 504.00,260.00 504.00,260.00
             504.00,260.00 502.00,260.00 502.00,260.00 Z" />
</svg>
