<?xml version="1.0" encoding="UTF-8" standalone="no"?>
<!DOCTYPE svg PUBLIC "-//W3C//DTD SVG 20010904//EN"
              "http://www.w3.org/TR/2001/REC-SVG-20010904/DTD/svg10.dtd">

<svg xmlns="http://www.w3.org/2000/svg"
     width="19.0833in" height="18in"
     viewBox="0 0 1374 1296">
  <path id="Selection #21"
        fill="none" stroke="black" stroke-width="1"
        d="M 279.07,344.13
           C 279.07,344.13 300.13,349.58 300.13,349.58
             300.13,349.58 338.00,362.00 338.00,362.00
             338.00,362.00 338.00,500.00 338.00,500.00
             338.00,500.00 324.72,503.58 324.72,503.58
             324.72,503.58 312.16,506.46 312.16,506.46
             312.16,506.46 302.72,509.58 302.72,509.58
             302.72,509.58 284.16,514.46 284.16,514.46
             284.16,514.46 270.00,518.00 270.00,518.00
             270.00,518.00 270.00,407.00 270.00,407.00
             270.00,407.00 270.00,358.00 270.00,358.00
             270.00,358.00 272.00,346.00 272.00,346.00
             272.00,346.00 279.07,344.13 279.07,344.13 Z" />
</svg>
