<?xml version="1.0" encoding="UTF-8" standalone="no"?>
<!DOCTYPE svg PUBLIC "-//W3C//DTD SVG 20010904//EN"
              "http://www.w3.org/TR/2001/REC-SVG-20010904/DTD/svg10.dtd">

<svg xmlns="http://www.w3.org/2000/svg"
     width="19.0833in" height="18in"
     viewBox="0 0 1374 1296">
  <path id="Selection #8"
        fill="none" stroke="black" stroke-width="1"
        d="M 660.23,950.00
           C 660.23,950.00 660.23,959.83 660.23,959.83
             660.23,959.83 662.01,964.17 662.01,964.17
             662.01,964.17 662.01,970.91 662.01,970.91
             662.01,970.91 664.01,976.17 664.01,976.17
             664.01,976.17 664.01,982.91 664.01,982.91
             664.01,982.91 666.07,989.09 666.07,989.09
             666.07,989.09 666.07,996.91 666.07,996.91
             666.07,996.91 668.01,1002.17 668.01,1002.17
             668.01,1002.17 668.01,1008.91 668.01,1008.91
             668.01,1008.91 670.01,1014.17 670.01,1014.17
             670.01,1014.17 670.01,1020.91 670.01,1020.91
             670.01,1020.91 672.01,1026.17 672.01,1026.17
             672.01,1026.17 672.01,1032.91 672.01,1032.91
             672.01,1032.91 673.95,1038.17 673.95,1038.17
             673.95,1038.17 673.95,1045.96 673.95,1045.96
             673.95,1045.96 676.00,1062.00 676.00,1062.00
             676.00,1062.00 658.00,1054.00 658.00,1054.00
             658.00,1054.00 658.00,950.00 658.00,950.00
             658.00,950.00 660.23,950.00 660.23,950.00 Z" />
</svg>
