<?xml version="1.0" encoding="UTF-8" standalone="no"?>
<!DOCTYPE svg PUBLIC "-//W3C//DTD SVG 20010904//EN"
              "http://www.w3.org/TR/2001/REC-SVG-20010904/DTD/svg10.dtd">

<svg xmlns="http://www.w3.org/2000/svg"
     width="19.0833in" height="18in"
     viewBox="0 0 1374 1296">
  <path id="Selection #10"
        fill="none" stroke="black" stroke-width="1"
        d="M 630.43,242.92
           C 634.21,244.52 641.21,246.36 644.14,249.24
             646.43,251.47 646.00,255.06 646.00,258.00
             646.00,258.00 646.00,416.00 646.00,416.00
             646.00,416.00 646.00,905.00 646.00,905.00
             646.00,905.00 646.00,1044.00 646.00,1044.00
             646.00,1046.51 646.30,1050.07 644.72,1052.15
             643.30,1054.00 634.95,1057.76 632.40,1059.03
             632.40,1059.03 617.61,1065.45 617.61,1065.45
             617.61,1065.45 600.00,1074.00 600.00,1074.00
             600.00,1074.00 600.00,230.00 600.00,230.00
             609.48,230.27 621.42,239.12 630.43,242.92 Z" />
</svg>
