<?xml version="1.0" encoding="UTF-8" standalone="no"?>
<!DOCTYPE svg PUBLIC "-//W3C//DTD SVG 20010904//EN"
              "http://www.w3.org/TR/2001/REC-SVG-20010904/DTD/svg10.dtd">

<svg xmlns="http://www.w3.org/2000/svg"
     width="19.0833in" height="18in"
     viewBox="0 0 1374 1296">
  <path id="Selection #15"
        fill="none" stroke="black" stroke-width="1"
        d="M 618.77,213.28
           C 618.77,213.28 624.01,209.78 624.01,209.78
             624.01,209.78 636.77,203.28 636.77,203.28
             643.25,199.26 656.74,190.94 664.00,190.00
             664.10,198.27 665.33,196.20 666.07,201.09
             666.07,201.09 666.07,208.91 666.07,208.91
             666.07,208.91 667.76,214.17 667.76,214.17
             668.62,219.02 666.75,221.59 670.00,226.00
             670.00,226.00 670.00,228.00 670.00,228.00
             665.19,230.75 656.05,237.44 650.93,237.87
             646.43,238.24 640.82,234.64 636.80,232.63
             636.80,232.63 610.00,220.00 610.00,220.00
             610.00,220.00 610.00,218.00 610.00,218.00
             610.00,218.00 618.77,213.28 618.77,213.28 Z" />
</svg>
