<?xml version="1.0" encoding="UTF-8" standalone="no"?>
<!DOCTYPE svg PUBLIC "-//W3C//DTD SVG 20010904//EN"
              "http://www.w3.org/TR/2001/REC-SVG-20010904/DTD/svg10.dtd">

<svg xmlns="http://www.w3.org/2000/svg"
     width="19.0833in" height="18in"
     viewBox="0 0 1374 1296">
  <path id="Selection #9"
        fill="none" stroke="black" stroke-width="1"
        d="M 651.07,1064.13
           C 656.04,1063.73 665.31,1069.42 670.00,1071.77
             670.00,1071.77 714.00,1094.00 714.00,1094.00
             714.00,1094.00 714.00,1096.00 714.00,1096.00
             714.00,1096.00 702.01,1102.27 702.01,1102.27
             702.01,1102.27 695.99,1106.22 695.99,1106.22
             695.99,1106.22 684.01,1112.27 684.01,1112.27
             680.07,1114.53 673.67,1119.77 669.00,1119.77
             664.13,1119.77 657.41,1114.12 653.20,1111.84
             653.20,1111.84 620.01,1092.22 620.01,1092.22
             614.81,1089.34 614.65,1087.61 608.00,1086.00
             608.00,1086.00 608.00,1082.00 608.00,1082.00
             608.00,1082.00 651.07,1064.13 651.07,1064.13 Z" />
</svg>
