<?xml version="1.0" encoding="UTF-8" standalone="no"?>
<!DOCTYPE svg PUBLIC "-//W3C//DTD SVG 20010904//EN"
              "http://www.w3.org/TR/2001/REC-SVG-20010904/DTD/svg10.dtd">

<svg xmlns="http://www.w3.org/2000/svg"
     width="19.0833in" height="18in"
     viewBox="0 0 1374 1296">
  <path id="Selection #7"
        fill="none" stroke="black" stroke-width="1"
        d="M 672.23,242.00
           C 672.23,242.00 672.23,253.83 672.23,253.83
             672.23,253.83 674.07,259.09 674.07,259.09
             674.07,259.09 674.07,266.91 674.07,266.91
             674.07,266.91 676.01,272.17 676.01,272.17
             676.01,272.17 676.01,280.91 676.01,280.91
             676.01,280.91 678.07,287.09 678.07,287.09
             678.07,287.09 678.07,294.91 678.07,294.91
             678.07,294.91 680.07,301.09 680.07,301.09
             680.07,301.09 680.07,308.91 680.07,308.91
             680.07,308.91 682.01,315.09 682.01,315.09
             682.01,315.09 682.01,323.96 682.01,323.96
             682.01,323.96 683.95,330.17 683.95,330.17
             683.95,330.17 683.95,337.96 683.95,337.96
             683.95,337.96 686.01,344.17 686.01,344.17
             686.01,344.17 686.01,352.91 686.01,352.91
             686.01,352.91 688.07,359.09 688.07,359.09
             688.07,359.09 688.07,366.91 688.07,366.91
             688.07,366.91 690.01,372.17 690.01,372.17
             690.01,372.17 690.01,380.91 690.01,380.91
             690.01,380.91 692.01,386.17 692.01,386.17
             692.01,386.17 692.01,396.91 692.01,396.91
             692.01,396.91 694.07,403.09 694.07,403.09
             694.07,403.09 694.07,410.91 694.07,410.91
             694.07,410.91 696.01,416.17 696.01,416.17
             696.01,416.17 696.01,424.91 696.01,424.91
             696.01,424.91 698.01,430.17 698.01,430.17
             698.01,430.17 698.01,438.91 698.01,438.91
             698.01,438.91 700.01,444.17 700.01,444.17
             700.01,444.17 700.01,452.91 700.01,452.91
             700.01,452.91 702.01,458.17 702.01,458.17
             702.01,458.17 702.01,468.91 702.01,468.91
             702.01,468.91 704.07,475.09 704.07,475.09
             704.07,475.09 704.07,482.91 704.07,482.91
             704.07,482.91 706.01,488.17 706.01,488.17
             706.01,488.17 706.01,496.91 706.01,496.91
             706.01,496.91 708.01,502.17 708.01,502.17
             708.01,502.17 708.01,510.91 708.01,510.91
             708.01,510.91 710.07,517.09 710.07,517.09
             710.07,517.09 710.07,524.91 710.07,524.91
             710.07,524.91 712.01,531.09 712.01,531.09
             712.01,531.09 712.01,539.96 712.01,539.96
             712.01,539.96 713.95,546.17 713.95,546.17
             713.95,546.17 713.95,553.96 713.95,553.96
             713.95,553.96 715.95,560.17 715.95,560.17
             715.95,560.17 715.95,567.96 715.95,567.96
             715.95,567.96 717.95,574.17 717.95,574.17
             717.95,574.17 717.95,581.96 717.95,581.96
             717.95,581.96 719.95,588.17 719.95,588.17
             719.95,588.17 719.95,595.96 719.95,595.96
             719.95,595.96 721.95,602.17 721.95,602.17
             721.95,602.17 721.95,611.96 721.95,611.96
             721.95,611.96 723.95,618.17 723.95,618.17
             723.95,618.17 723.95,625.96 723.95,625.96
             723.95,625.96 725.95,632.17 725.95,632.17
             725.95,632.17 725.95,639.96 725.95,639.96
             725.95,639.96 727.95,646.17 727.95,646.17
             727.95,646.17 727.95,653.96 727.95,653.96
             727.95,653.96 729.95,660.17 729.95,660.17
             729.95,660.17 729.95,669.96 729.95,669.96
             729.95,669.96 731.95,676.17 731.95,676.17
             731.95,676.17 731.95,683.96 731.95,683.96
             731.95,683.96 734.01,690.17 734.01,690.17
             734.01,690.17 734.01,698.91 734.01,698.91
             734.01,698.91 736.07,705.09 736.07,705.09
             736.07,705.09 736.07,712.91 736.07,712.91
             736.07,712.91 738.01,718.17 738.01,718.17
             738.01,718.17 738.01,726.91 738.01,726.91
             738.01,726.91 740.01,732.17 740.01,732.17
             740.01,732.17 740.01,742.91 740.01,742.91
             740.01,742.91 742.07,749.09 742.07,749.09
             742.07,749.09 742.07,756.91 742.07,756.91
             742.07,756.91 744.01,762.17 744.01,762.17
             744.01,762.17 744.01,770.91 744.01,770.91
             744.01,770.91 746.01,776.17 746.01,776.17
             746.01,776.17 746.01,784.91 746.01,784.91
             746.01,784.91 748.07,791.09 748.07,791.09
             748.07,791.09 748.07,798.91 748.07,798.91
             748.07,798.91 750.01,805.09 750.01,805.09
             750.01,805.09 750.01,813.96 750.01,813.96
             750.01,813.96 751.95,820.17 751.95,820.17
             751.95,820.17 751.95,827.96 751.95,827.96
             751.95,827.96 753.95,834.17 753.95,834.17
             753.95,834.17 753.95,841.96 753.95,841.96
             753.95,841.96 755.95,848.17 755.95,848.17
             755.95,848.17 755.95,855.96 755.95,855.96
             755.95,855.96 757.95,862.17 757.95,862.17
             757.95,862.17 757.95,869.96 757.95,869.96
             757.95,869.96 759.95,876.17 759.95,876.17
             759.95,876.17 759.95,885.96 759.95,885.96
             759.95,885.96 761.95,892.17 761.95,892.17
             761.95,892.17 761.95,899.96 761.95,899.96
             761.95,899.96 764.01,906.17 764.01,906.17
             764.01,906.17 764.01,914.91 764.01,914.91
             764.01,914.91 766.07,921.09 766.07,921.09
             766.07,921.09 766.07,928.91 766.07,928.91
             766.07,928.91 768.01,934.17 768.01,934.17
             768.01,934.17 768.01,942.91 768.01,942.91
             768.01,942.91 770.01,949.09 770.01,949.09
             770.01,949.09 770.01,957.96 770.01,957.96
             770.01,957.96 771.95,964.17 771.95,964.17
             771.95,964.17 771.95,971.96 771.95,971.96
             771.95,971.96 773.95,978.17 773.95,978.17
             773.95,978.17 773.95,985.96 773.95,985.96
             773.95,985.96 775.95,992.17 775.95,992.17
             775.95,992.17 775.95,999.96 775.95,999.96
             775.95,999.96 777.95,1006.17 777.95,1006.17
             777.95,1006.17 777.95,1013.96 777.95,1013.96
             777.95,1013.96 779.95,1020.17 779.95,1020.17
             779.95,1020.17 779.95,1029.96 779.95,1029.96
             779.95,1029.96 781.95,1036.17 781.95,1036.17
             781.95,1036.17 781.95,1043.96 781.95,1043.96
             781.95,1043.96 784.01,1050.17 784.01,1050.17
             784.01,1050.17 784.01,1058.91 784.01,1058.91
             784.01,1058.91 786.07,1065.09 786.07,1065.09
             786.07,1065.09 786.07,1072.91 786.07,1072.91
             786.07,1072.91 788.01,1078.17 788.01,1078.17
             788.01,1078.17 788.01,1086.91 788.01,1086.91
             788.01,1086.91 790.01,1093.09 790.01,1093.09
             790.01,1093.09 790.01,1101.96 790.01,1101.96
             790.01,1101.96 791.95,1108.17 791.95,1108.17
             791.95,1108.17 791.95,1115.96 791.95,1115.96
             791.95,1115.96 794.07,1123.09 794.07,1123.09
             794.07,1123.09 794.07,1130.91 794.07,1130.91
             794.07,1130.91 796.07,1137.09 796.07,1137.09
             796.07,1137.09 796.07,1144.91 796.07,1144.91
             796.07,1144.91 798.00,1158.00 798.00,1158.00
             798.00,1158.00 783.20,1149.84 783.20,1149.84
             783.20,1149.84 756.01,1136.22 756.01,1136.22
             756.01,1136.22 749.99,1132.27 749.99,1132.27
             749.99,1132.27 734.82,1123.45 734.82,1123.45
             734.82,1123.45 734.00,1116.00 734.00,1116.00
             734.00,1116.00 734.00,1094.00 734.00,1094.00
             734.00,1094.00 730.00,1094.00 730.00,1094.00
             730.00,1094.00 732.00,1088.00 732.00,1088.00
             732.00,1088.00 718.00,1082.23 718.00,1082.23
             718.00,1082.23 690.00,1070.00 690.00,1070.00
             690.00,1070.00 687.99,1059.83 687.99,1059.83
             687.99,1059.83 687.99,1053.09 687.99,1053.09
             687.99,1053.09 685.99,1047.83 685.99,1047.83
             685.99,1047.83 685.99,1041.09 685.99,1041.09
             685.99,1041.09 683.93,1034.91 683.93,1034.91
             683.93,1034.91 683.93,1027.09 683.93,1027.09
             683.93,1027.09 681.99,1021.83 681.99,1021.83
             681.99,1021.83 681.99,1015.09 681.99,1015.09
             681.99,1015.09 679.99,1009.83 679.99,1009.83
             679.99,1009.83 679.99,1003.09 679.99,1003.09
             679.99,1003.09 677.93,996.91 677.93,996.91
             677.93,996.91 677.93,989.09 677.93,989.09
             677.93,989.09 675.99,983.83 675.99,983.83
             675.99,983.83 675.99,977.09 675.99,977.09
             675.99,977.09 673.99,971.83 673.99,971.83
             673.99,971.83 673.99,965.09 673.99,965.09
             673.99,965.09 671.99,959.83 671.99,959.83
             671.99,959.83 671.99,953.09 671.99,953.09
             671.99,953.09 670.05,947.83 670.05,947.83
             670.05,947.83 670.05,940.04 670.05,940.04
             670.05,940.04 667.99,933.83 667.99,933.83
             667.99,933.83 667.99,927.09 667.99,927.09
             667.99,927.09 665.93,920.91 665.93,920.91
             665.93,920.91 665.93,915.09 665.93,915.09
             665.93,915.09 663.99,909.83 663.99,909.83
             663.99,909.83 663.99,903.09 663.99,903.09
             663.99,903.09 661.99,897.83 661.99,897.83
             661.99,897.83 661.99,889.09 661.99,889.09
             661.99,889.09 659.99,883.83 659.99,883.83
             659.99,883.83 659.99,877.09 659.99,877.09
             659.99,877.09 658.00,866.00 658.00,866.00
             658.00,866.00 658.00,248.00 658.00,248.00
             658.00,248.00 672.23,242.00 672.23,242.00 Z" />
</svg>
