<?xml version="1.0" encoding="UTF-8" standalone="no"?>
<!DOCTYPE svg PUBLIC "-//W3C//DTD SVG 20010904//EN"
              "http://www.w3.org/TR/2001/REC-SVG-20010904/DTD/svg10.dtd">

<svg xmlns="http://www.w3.org/2000/svg"
     width="19.0833in" height="18in"
     viewBox="0 0 1374 1296">
  <path id="Selection #13"
        fill="none" stroke="black" stroke-width="1"
        d="M 847.88,194.00
           C 847.88,194.00 847.88,205.83 847.88,205.83
             847.88,205.83 846.00,215.00 846.00,215.00
             846.00,215.00 844.06,230.04 844.06,230.04
             844.06,230.04 844.06,240.00 844.06,240.00
             844.06,240.00 842.00,255.00 842.00,255.00
             842.00,255.00 839.94,273.00 839.94,273.00
             839.94,273.00 839.94,282.91 839.94,282.91
             839.94,282.91 838.13,289.09 838.13,289.09
             838.13,289.09 838.13,300.00 838.13,300.00
             838.13,300.00 836.00,315.00 836.00,315.00
             836.00,315.00 833.94,331.00 833.94,331.00
             833.94,331.00 833.94,340.91 833.94,340.91
             833.94,340.91 832.13,347.09 832.13,347.09
             832.13,347.09 832.13,358.00 832.13,358.00
             832.13,358.00 829.94,371.00 829.94,371.00
             829.94,371.00 829.94,380.91 829.94,380.91
             829.94,380.91 828.00,396.00 828.00,396.00
             828.00,396.00 825.94,409.00 825.94,409.00
             825.94,409.00 825.94,418.91 825.94,418.91
             825.94,418.91 824.13,425.09 824.13,425.09
             824.13,425.09 824.13,436.00 824.13,436.00
             824.13,436.00 822.00,454.00 822.00,454.00
             822.00,454.00 820.00,471.00 820.00,471.00
             820.00,471.00 818.00,489.00 818.00,489.00
             818.00,489.00 816.06,504.04 816.06,504.04
             816.06,504.04 816.06,514.00 816.06,514.00
             816.06,514.00 814.00,529.00 814.00,529.00
             814.00,529.00 811.94,547.00 811.94,547.00
             811.94,547.00 811.94,556.91 811.94,556.91
             811.94,556.91 810.23,562.17 810.23,562.17
             810.23,562.17 810.23,574.00 810.23,574.00
             810.23,574.00 808.00,574.00 808.00,574.00
             808.00,574.00 805.94,552.00 805.94,552.00
             805.94,552.00 805.94,538.04 805.94,538.04
             805.94,538.04 803.94,526.00 803.94,526.00
             803.94,526.00 803.94,514.04 803.94,514.04
             803.94,514.04 802.06,506.91 802.06,506.91
             802.06,506.91 802.06,493.00 802.06,493.00
             802.06,493.00 799.94,477.00 799.94,477.00
             799.94,477.00 799.94,462.04 799.94,462.04
             799.94,462.04 797.94,450.00 797.94,450.00
             797.94,450.00 797.94,438.04 797.94,438.04
             797.94,438.04 796.06,430.91 796.06,430.91
             796.06,430.91 796.06,415.00 796.06,415.00
             796.06,415.00 793.94,401.00 793.94,401.00
             793.94,401.00 793.94,388.04 793.94,388.04
             793.94,388.04 792.06,380.91 792.06,380.91
             792.06,380.91 792.06,367.00 792.06,367.00
             792.06,367.00 789.94,350.00 789.94,350.00
             789.94,350.00 789.94,336.04 789.94,336.04
             789.94,336.04 787.94,324.00 787.94,324.00
             787.94,324.00 787.94,312.04 787.94,312.04
             787.94,312.04 785.94,300.00 785.94,300.00
             785.94,300.00 785.94,286.04 785.94,286.04
             785.94,286.04 784.06,278.91 784.06,278.91
             784.06,278.91 784.06,263.00 784.06,263.00
             784.06,263.00 781.94,250.00 781.94,250.00
             781.94,250.00 781.94,236.04 781.94,236.04
             781.94,236.04 780.00,224.00 780.00,224.00
             780.00,224.00 807.20,212.17 807.20,212.17
             807.20,212.17 815.57,208.92 815.57,208.92
             815.57,208.92 827.60,202.97 827.60,202.97
             827.60,202.97 846.00,194.00 846.00,194.00
             846.00,194.00 847.88,194.00 847.88,194.00 Z" />
</svg>
