<?xml version="1.0" encoding="UTF-8" standalone="no"?>
<!DOCTYPE svg PUBLIC "-//W3C//DTD SVG 20010904//EN"
              "http://www.w3.org/TR/2001/REC-SVG-20010904/DTD/svg10.dtd">

<svg xmlns="http://www.w3.org/2000/svg"
     width="19.0833in" height="18in"
     viewBox="0 0 1374 1296">
  <path id="Selection #14"
        fill="none" stroke="black" stroke-width="1"
        d="M 798.48,158.77
           C 798.48,158.77 821.52,174.68 821.52,174.68
             821.52,174.68 836.00,184.00 836.00,184.00
             833.58,188.80 826.31,191.09 821.60,193.43
             821.60,193.43 812.43,197.08 812.43,197.08
             812.43,197.08 800.39,202.98 800.39,202.98
             800.39,202.98 794.43,205.08 794.43,205.08
             794.43,205.08 780.00,212.00 780.00,212.00
             780.00,212.00 777.94,199.00 777.94,199.00
             777.94,199.00 777.94,186.04 777.94,186.04
             777.94,186.04 776.06,178.91 776.06,178.91
             776.06,178.91 776.06,165.00 776.06,165.00
             776.06,165.00 774.06,152.91 774.06,152.91
             774.06,152.91 774.06,142.00 774.06,142.00
             774.06,142.00 798.48,158.77 798.48,158.77 Z" />
</svg>
